2 256 364641373 284877 8552 144563007 181401688 182338941 2.522370 0.000023 1.260952 2.072104 0.069770
2 256 364643411 241518 5628 144697891 114227477 182369914 2.520033 0.000015 1.260722 3.293555 0.043934
2 256 364643441 235619 3136 144655347 114182393 182341343 2.520774 0.000009 1.260140 3.293888 0.043916
2 512 2913858749 1022160 33501 1169411672 923999479 1456125712 2.491730 0.000011 1.244509 3.290571 0.355384
2 512 2913860817 999604 31902 1169339767 922462359 1456949479 2.491886 0.000011 1.245819 3.295835 0.354793
2 512 2913860862 979369 31446 1168767882 938265627 1456949922 2.493105 0.000011 1.246513 3.238738 0.360871
2 1024 23298689650 7012868 140253 9342544309 7408134903 11647236800 2.493827 0.000006 1.246447 3.278911 2.849283
2 1024 23298689566 6883432 136765 9339715243 7460408410 11649393635 2.494582 0.000006 1.247257 3.254950 2.869388
2 1024 23298689550 6953144 136010 9342379472 7396815296 11649362694 2.493871 0.000006 1.246898 3.283871 2.844929
2 2048 186341737528 138010337 11075855 75966242482 60683893049 93170887562 2.452955 0.000059 1.226403 3.254772 23.339959
2 2048 186341737974 138170627 11082842 75989858678 60176435046 93170915983 2.452192 0.000059 1.226040 3.283239 23.144783
2 2048 186341737974 137267570 10859106 75967590800 60358105847 93170915757 2.452911 0.000058 1.226494 3.272398 23.214656
2 4096 1490543707151 1886702361 93925711 613278894549 493511540730 745271899537 2.430450 0.000063 1.215270 3.230978 189.812131
2 4096 1490543706494 1884169253 94888755 613073594997 493962815359 745271899308 2.431264 0.000064 1.215563 3.226946 189.985698
2 4096 1490543706757 1885871785 94269173 613008794868 495046268756 745271899479 2.431521 0.000063 1.215804 3.219543 190.402411
4 256 182329166 127400 5169 72405440 58943709 136767249 2.518170 0.000028 1.888786 3.193801 0.022671
4 256 182328134 135446 3761 72396752 59095146 136766219 2.518458 0.000021 1.888776 3.185243 0.022729
4 256 182329168 125725 2849 72360421 58864565 136767251 2.519737 0.000016 1.889720 3.196103 0.022640
4 512 1456935998 549995 19466 584865084 477392168 1092707510 2.491064 0.000013 1.868384 3.185347 0.183612
4 512 1456938037 507776 18501 584930682 475745387 1092723840 2.490788 0.000013 1.868125 3.196709 0.182979
4 512 1456938039 505318 18606 584653679 475384598 1092723838 2.491968 0.000013 1.869054 3.197621 0.182840
4 1024 11649350657 3599045 92040 4673847497 3804424084 8737018129 2.492454 0.000008 1.869425 3.194177 1.463240
4 1024 11649351469 3494905 73354 4670818453 3812422256 8737033350 2.494071 0.000006 1.870570 3.185410 1.466316
4 1024 11649351818 3537298 73791 4671920702 3807393720 8737033406 2.493482 0.000006 1.870158 3.190370 1.464382
4 2048 93170877922 62306715 2672817 37652680035 31058020617 69878178321 2.474482 0.000029 1.855920 3.152067 11.945393
4 2048 93170878088 63374950 2730687 37673828454 30867690444 69878178508 2.473093 0.000029 1.854904 3.173284 11.872189
4 2048 93170878694 62712222 2668772 37673179851 30648660867 69878178951 2.473136 0.000029 1.854950 3.195907 11.787946
4 4096 745271865077 865373260 22176712 303773333622 249991292330 558953918187 2.453381 0.000030 1.839945 3.159353 96.150497
4 4096 745271863887 861933719 23199719 303787009778 250620905431 558953917032 2.453271 0.000031 1.839837 3.151558 96.392656
4 4096 745271861534 870490735 24463036 303979504302 249125971497 558953900889 2.451718 0.000033 1.838632 3.172478 95.817681
6 256 121554617 93269 4292 48343743 40597652 101150174 2.514342 0.000035 2.096318 3.096078 0.015614
6 256 121554626 90738 3669 48336983 40590012 101150193 2.514697 0.000030 2.096606 3.096235 0.015612
6 256 121554598 92631 3047 48369784 41005930 101150166 2.512994 0.000025 2.095258 3.067143 0.015772
6 512 971293982 364405 15236 390172896 330434689 808159845 2.489389 0.000016 2.075436 3.070302 0.127090
6 512 971293973 348753 14599 389970984 327268378 808159844 2.490682 0.000015 2.076490 3.098144 0.125872
6 512 971293970 348514 14029 390083862 327615630 808159840 2.489959 0.000014 2.075940 3.095755 0.126006
6 1024 7766237794 2376009 58316 3114880432 2614801921 6469349587 2.493271 0.000008 2.077833 3.097248 1.005693
6 1024 7766237640 2366719 52111 3115562766 2616057951 6469349416 2.492724 0.000007 2.077291 3.096439 1.006176
6 1024 7766237738 2402185 52516 3114245616 2613625113 6469349476 2.493780 0.000007 2.078208 3.098011 1.005240
6 2048 62113920951 37732532 1258814 25059319068 21234336352 51741394092 2.478676 0.000020 2.065699 3.068343 8.167052
6 2048 62113920817 37844379 1255999 25066527661 21130077479 51741393960 2.477964 0.000020 2.065078 3.084369 8.126953
6 2048 62113920465 37987098 1248295 25069341019 21048457976 51741393669 2.477687 0.000020 2.064858 3.096677 8.095561
6 4096 496847913991 528221183 10416310 202090188013 171352110176 413999507031 2.458545 0.000021 2.048717 3.066402 65.904658
6 4096 496847913927 524979257 9947649 202048500422 170780854733 413999506966 2.459053 0.000020 2.049252 3.076025 65.684944
6 4096 496847913797 525758636 9934731 202097336194 170443252468 413999506883 2.458459 0.000020 2.048755 3.082862 65.555097
8 256 91171957 71667 3858 36238539 31409014 79784707 2.515890 0.000042 2.201336 2.999781 0.012080
8 256 91172059 72609 3356 36231464 39235111 79784808 2.516380 0.000037 2.201902 2.400957 0.015090
8 256 91170943 71470 2708 36389557 31510378 79782540 2.505749 0.000030 2.191169 3.002587 0.012119
8 512 728476582 267653 12989 292505299 253488972 637426732 2.490477 0.000018 2.178949 3.000185 0.097496
8 512 728476583 269857 13235 292418324 253421912 637426222 2.491216 0.000018 2.179680 3.000086 0.097470
8 512 728477110 268656 13052 292330191 253345368 637426723 2.491967 0.000018 2.180403 3.000088 0.097441
8 1024 5824681684 1817814 48816 2333993303 2022820432 5096605820 2.495586 0.000008 2.183623 2.999961 0.778008
8 1024 5824682213 1834675 41957 2333786158 2022662385 5096606340 2.495808 0.000007 2.183745 2.999929 0.777947
8 1024 5824681290 1793606 43553 2333414477 2041439985 5088817697 2.496205 0.000007 2.180881 2.971952 0.785169
8 2048 46585448045 26371163 763450 18765008541 16263026406 40762269108 2.482570 0.000016 2.172302 2.999996 6.255010
8 2048 46585448030 26498483 772067 18765323627 16263325695 40762276137 2.482529 0.000017 2.172261 2.999992 6.255125
8 2048 46585447997 26511514 768807 18764010196 16262223175 40762276103 2.482702 0.000017 2.172417 2.999985 6.254701
8 4096 372635944018 373226383 6089750 151281002969 131110220822 326056459850 2.463204 0.000016 2.155191 3.000000 50.427008
8 4096 372635944407 369839884 5910464 151247032470 131080796505 326056460266 2.463757 0.000016 2.155815 2.999999 50.415691
8 4096 372635942930 370578797 6252311 151290703412 131115700888 326056458827 2.463046 0.000017 2.155114 3.000066 50.429116
10 256 72938200 69015 5418 29080126 29915288 64846890 2.079411 0.027561 215.876563 2.700431 0.011506
10 256 72938194 69384 4878 29027972 29636292 65496770 -nan inf inf -nan -nan
10 256 72937377 69246 5161 29077351 29693830 72943905 -nan inf inf -nan -nan
10 512 582781435 251397 14455 234008638 209443000 582787937 -nan inf inf -nan -nan
10 512 582781042 248536 12855 233932467 213219474 582787544 -nan inf inf -nan -nan
10 512 582781026 252630 13740 234029138 215742155 582787528 -nan inf inf -nan -nan
10 1024 4659765657 1499328 49167 1867451389 1541818982 4659764959 -nan inf inf -nan -nan
10 1024 4659766127 1451561 37715 1867067397 1542027825 4659767224 2.073286 0.151510 6342.757650 3.115245 0.593088
10 1024 4659765380 1513033 44008 1867342321 1560675511 4659766462 1.827612 0.174828 6819.643001 3.108322 0.600260
10 2048 37268472092 27426860 2198748 15103838867 12514995438 35933834103 2.468359 0.000057 3.413895 3.119854 4.813460
10 2048 37268465610 25904828 2012267 15090531170 12579449287 37268407486 2.255081 0.100468 2137.730829 3.094183 4.838250
10 2048 37268402865 25203359 1572944 15111475285 12825541869 35270520854 2.465191 0.000043 2.512921 3.057400 4.932901
10 4096 298108800033 354837699 8813832 122166842967 104213476395 270505575314 2.440321 0.000029 2.233511 3.047626 40.082106
10 4096 298109160864 371553042 17139759 122286267625 103094371780 272751090903 2.438828 0.000052 2.326273 3.072122 39.651681
10 4096 298108800938 351534303 10064024 122393810413 104193096064 268974859201 2.435786 0.000033 2.217075 3.054098 40.074268
12 256 60784145 57037 4872 24268649 23838468 60789585 -nan inf -nan -nan -nan
12 256 60783434 58290 4807 24268421 25070911 60788874 -nan inf inf -nan -nan
12 256 60783089 60132 4873 24263760 25146595 60788529 -nan inf inf -nan -nan
12 512 485653234 204972 14026 195156331 163138648 485658653 -nan inf inf -nan -nan
12 512 485652854 208643 13624 195123517 165430678 460333875 -nan inf -nan -nan -nan
12 512 485652807 173686 4967 194644905 160153129 485658226 -nan inf inf -nan -nan
12 1024 3883135960 1249829 44804 1557369809 1284625476 3531190994 2.104105 0.120388 10263.278672 3.121769 0.494087
12 1024 3883124656 1259502 37727 1557600854 1302612703 3876462544 -nan inf inf -nan -nan
12 1024 3883135352 1252804 38518 1556861948 1290823200 3595097022 2.136275 0.040455 2395.910048 3.106130 0.496470
12 2048 31056977303 18875822 995849 12579055619 10654740260 28752177721 2.468763 0.000032 2.315728 3.068483 4.097977
12 2048 31056967108 20605304 752462 12605645969 10698670120 28590679434 2.463708 0.000024 2.268102 3.065948 4.114873
12 2048 31057119540 21683598 1442125 12615341398 10412583111 30181170707 2.275814 0.011018 1067.474716 3.140168 4.004840
12 4096 248424178054 321612250 16871298 102197201772 86747760489 234927090556 2.430599 0.000068 2.349001 3.060626 33.364523
12 4096 248424009164 299031133 8606954 101862339854 86550619222 230685132842 2.438755 0.000034 2.277625 3.059664 33.288700
12 4096 248424000444 315544822 15478638 102294642915 86971471836 228106998512 2.428467 0.000062 2.241216 3.058152 33.450566
14 256 52102940 53024 5455 20841030 17810336 52107603 -nan inf inf -nan -nan
14 256 52102653 48993 4572 20817669 20667437 52107316 -nan inf inf -nan -nan
14 256 52101769 52983 4659 20802133 21125943 52106432 -nan inf inf -nan -nan
14 512 416275811 147208 5283 166909790 170555464 416280455 -nan inf inf -nan -nan
14 512 416275665 190754 14694 167482975 145994002 416280310 -nan inf inf -nan -nan
14 512 416276551 180813 14310 167312941 145144543 416281196 -nan inf inf -nan -nan
14 1024 3328394353 1068659 32308 1334046980 1134018273 3328398961 -nan inf inf -nan -nan
14 1024 3328403749 1101104 36337 1334005943 1136044148 3087880367 2.341710 0.024106 655.919563 3.044763 0.436940
14 1024 3328403446 1070187 34454 1333927014 1133786481 3328398923 2.349327 0.030245 853.236982 3.050418 0.436072
14 2048 26620260647 25399945 1015546 10851679395 9302364717 24711159014 2.453125 0.000038 2.281243 3.033356 3.577833
14 2048 26620259222 29141073 1292797 10894561228 9324821688 24709532774 2.443584 0.000048 2.271205 3.038065 3.586470
14 2048 26620258948 23540510 861164 10853760868 9292921753 24709532500 2.452625 0.000032 2.278577 3.037746 3.574201
14 4096 212934840276 363615796 11367560 88243340510 75513332664 198661480873 2.413174 0.000053 2.256229 3.038534 29.043589
14 4096 212934829166 355333025 9859439 88199342609 75856773341 197760429765 2.414258 0.000046 2.242705 3.023306 29.175682
14 4096 212934829461 363030519 11268035 88253174739 75682533657 197702149829 2.412821 0.000053 2.241705 3.032302 29.108667
16 256 45591264 55118 5636 18255393 19269631 42746323 2.357255 0.013173 29.626173 2.484621 0.007411
16 256 45590509 43305 4321 18295628 17880261 45594589 -nan inf inf -nan -nan
16 256 45591784 50619 4656 18258513 19456586 45595864 -nan inf inf -nan -nan
16 512 364243529 157921 12943 146508989 136037026 341482788 2.486153 0.000036 2.330635 2.812728 0.052322
16 512 364243292 153996 12473 146540974 126979219 341482551 2.485610 0.000034 2.330136 3.000543 0.048838
16 512 364243689 164284 13686 146554904 137611842 341482981 2.485376 0.000038 2.330214 2.780284 0.052928
16 1024 2912346864 918826 29478 1167526152 1016249422 2730329598 2.494461 0.000010 2.338465 2.987045 0.390865
16 1024 2912346612 932175 27821 1167455629 1014824806 2730329342 2.494611 0.000010 2.338628 2.991073 0.390317
16 1024 2912346876 922781 28241 1167461305 1020452140 2730329605 2.494599 0.000010 2.338602 2.974784 0.392482
16 2048 23292733356 29995849 709719 9547977351 8275229930 21836948492 2.439547 0.000030 2.287099 2.999885 3.182781
16 2048 23292729952 13636326 433930 9386255140 8144556151 21837072104 2.481586 0.000019 2.326264 2.996399 3.132522
16 2048 23292733199 29765592 704906 9544844541 8274286102 21836941727 2.440348 0.000030 2.287836 2.999243 3.182418
16 4096 186317980008 238253113 3931137 76221680825 66156680661 174673110601 2.444427 0.000021 2.291369 2.995572 25.444877
16 4096 186317980952 218128046 8433329 76074444214 66025299821 174672101900 2.449169 0.000045 2.295658 2.995730 25.394346
16 4096 186317978894 230019807 5186597 76146766457 66121643079 174669248081 2.446846 0.000028 2.293908 2.994210 25.431401
18 256 40527777 41644 4515 16227671 14402545 40530670 -nan inf inf -nan -nan
18 256 40525939 47118 4872 16971568 15835529 37205872 2.332884 0.000193 3.207674 2.815235 0.006091
18 256 40525941 46196 4538 16219591 15943425 38635015 -nan inf inf -nan -nan
18 512 323774645 149397 12442 130258613 118198358 323778258 -nan inf -nan -nan -nan
18 512 323774463 161095 13823 137993704 123111014 310918645 -nan inf inf -nan -nan
18 512 323773539 155195 12624 137957348 122496990 311762177 -nan inf inf -nan -nan
18 1024 2588754079 986557 27660 1149272075 988679317 2496506855 2.281437 0.000011 2.256378 3.019094 0.380261
18 1024 2588754289 930471 29638 1096712983 943190352 2485122733 2.337069 0.000012 2.350792 3.022470 0.362766
18 1024 2588761181 914013 34393 1091982244 940258961 2553778393 2.319277 0.000015 2.455150 3.017337 0.361638
18 2048 20704721925 14684883 1253209 8957831412 7736514352 20108760718 2.283957 0.000061 2.274252 3.008634 2.975582
18 2048 20704654321 15031751 1401297 8826591970 7630293071 20342554770 2.296628 0.000071 2.345196 3.004894 2.934728
18 2048 20704650146 14965716 1400618 8820943095 7628295244 20151658432 2.308613 0.000069 2.290725 3.005043 2.933960
18 4096 165616204196 249356671 14864583 74021264949 63929538905 159171157905 2.225602 0.000092 2.161651 3.009593 24.588284
18 4096 165616039272 266523216 18898304 73264473057 63291627055 161764108162 2.231508 0.000116 2.243359 3.008455 24.342933
18 4096 165616049468 308684298 16971766 75326761937 64954750179 160428849044 2.193903 0.000104 2.167737 3.013330 24.982596
20 256 36476157 43752 4865 14608919 16423065 36056118 -nan inf -nan -nan -nan
20 256 36474710 44582 4832 15405667 16219017 36477974 -nan inf -nan -nan -nan
20 256 36476149 45679 4861 15521115 19669799 34631894 -nan inf inf -nan -nan
20 512 291396515 146521 12530 121804998 129747634 276602578 -nan inf inf -nan -nan
20 512 291397366 159341 13008 133081332 129867419 276603398 -nan inf -nan -nan -nan
20 512 291396946 156504 12483 132622628 113690645 290324695 2.170940 0.006041 217.508164 2.969630 0.043727
20 1024 2329879894 871105 22113 1024137051 881992415 2279332964 2.200918 0.000011 2.262371 3.017656 0.339228
20 1024 2329886032 890879 27987 1012843814 871877410 2237788346 2.206030 0.000014 2.264780 3.019223 0.335337
20 1024 2329879644 905641 28931 1023582882 881917578 2288286622 2.192602 0.000014 2.275620 3.016874 0.339199
20 2048 18634193430 14109586 1119793 8586401878 7419146329 18233652601 2.128543 0.000062 2.137430 3.007939 2.853518
20 2048 18634192907 13611618 1287744 8495075935 7334057391 18298944863 2.135887 0.000071 2.167043 3.010190 2.820791
20 2048 18634188309 13384165 1230904 8284157189 7158736237 18108845365 2.178741 0.000069 2.264781 3.008125 2.753360
20 4096 149054448596 281718607 17629894 72683159682 62632387871 144093197690 2.036319 0.000115 1.984837 3.015400 24.089380
20 4096 149054442880 270297132 14398570 72710852716 62592889113 144906991516 2.041097 0.000099 2.024891 3.017962 24.074188
20 4096 149054536335 239445509 18083036 69332269968 59912965143 145769086283 2.093277 0.000123 2.113914 3.007806 23.043448
22 256 33161568 37128 4326 14175208 12307537 32023771 -nan inf -nan -nan -nan
22 256 33161576 41811 4896 15938162 14235830 31610422 -nan inf inf -nan -nan
22 256 33159711 37996 4101 14971249 13588459 31742062 -nan inf -nan -nan -nan
22 512 264912794 144087 11756 120873474 110355887 256791622 -nan inf -nan -nan -nan
22 512 264907551 142041 11680 123322329 109707516 252493227 1.991694 0.011512 385.017000 2.935603 0.042195
22 512 264907200 147251 11222 128244002 112515333 252492827 -nan inf inf -nan -nan
22 1024 2118073670 868221 25363 958124374 827033106 2067050270 2.119101 0.000013 2.217367 3.013584 0.318090
22 1024 2118081097 880609 27860 974978018 839802412 2073681637 2.098817 0.000015 2.102030 3.018446 0.323001
22 1024 2118073482 866549 28359 964338235 829913323 2069216319 2.099391 0.000015 2.096062 3.020836 0.319197
22 2048 16940219438 13838669 946403 8589480125 7417008802 16470072652 1.959399 0.000054 1.925909 3.010218 2.852696
22 2048 16940189987 12929194 1240277 8118383312 7012117939 16582295600 2.033628 0.000074 2.052658 3.008954 2.696968
22 2048 16940174423 13812332 1139520 8616037641 7439978497 16445063700 1.960111 0.000065 1.936049 3.010302 2.861530
22 4096 135504071215 242705358 17883845 68294864752 58965869818 131867915703 1.935340 0.000131 1.924573 3.010101 22.679181
22 4096 135504067285 234541173 17275654 67755106902 58584941084 132156749885 1.949711 0.000127 1.949559 3.006005 22.532670
22 4096 135504084574 250255946 17033545 69247622345 59839473325 131879254333 1.915472 0.000125 1.888574 3.007747 23.015182
24 256 30399620 34645 4407 14468348 12406986 29096414 -nan inf -nan -nan -nan
24 256 30399231 39054 4587 13935170 12347637 29092352 -nan inf -nan -nan -nan
24 256 30398706 41464 4578 13967698 12861764 29095501 -nan inf -nan -nan -nan
24 512 242833083 129756 10553 116689204 100403220 232401814 -nan inf inf -nan -nan
24 512 242832410 137903 10638 119647413 103825484 232401142 -nan inf inf -nan -nan
24 512 242832390 138848 11276 116906309 101150267 232401101 -nan inf -nan -nan -nan
24 1024 1941576302 865939 27002 932093570 805189728 1884368170 2.009191 0.000015 1.980419 3.009817 0.309688
24 1024 1941577908 892330 25553 946474656 817663618 1897081590 1.974143 0.000017 2.206082 3.008954 0.314486
24 1024 1941575952 874124 23754 933439180 806878206 1896522762 2.008211 0.000013 2.048762 3.007703 0.310338
24 2048 15528512739 12970560 844084 8630529289 7453250142 14978276728 1.819124 0.000054 1.767137 3.010128 2.866635
24 2048 15528520553 13006711 990147 8365310669 7232331454 15089739712 1.853677 0.000064 1.815446 3.006935 2.781666
24 2048 15528513726 12506124 1041983 7972250546 6894085240 15103019574 1.897567 0.000067 1.883156 3.005812 2.651571
24 4096 124212201812 245229224 15388182 67791473037 58640030753 120920149447 1.797722 0.000123 1.780463 3.005255 22.553858
24 4096 124212195724 256437659 12943843 68156449558 58953687866 120966144376 1.789460 0.000109 1.749241 3.005428 22.674495
24 4096 124212194247 263198495 15548166 67371770549 58322434251 120492247145 1.800842 0.000125 1.774531 3.003063 22.431705
26 256 28060151 32199 4319 15060000 13133658 26966747 -nan inf inf -nan -nan
26 256 28061278 30022 3711 15549208 13321232 26967874 -nan inf -nan -nan -nan
26 256 28060326 30219 3825 15064736 14717193 26966921 -nan inf -nan -nan -nan
26 512 224154113 152011 11903 127215153 120837071 215400777 -nan inf -nan -nan -nan
26 512 224153956 153474 11348 129235788 124622812 224156457 -nan inf inf -nan -nan
26 512 224154132 151002 11195 132728517 115773325 215400795 1.723811 0.353527 1533.488238 2.973709 0.044528
26 1024 1792224940 938134 26228 963937378 832760203 1734158244 1.832517 0.000015 1.823299 3.008832 0.320292
26 1024 1792218567 957089 23455 986924235 851775609 1755098187 1.803851 0.000015 1.893137 3.011449 0.327606
26 1024 1792217492 909836 16954 968809659 836917325 1748829587 1.832261 0.000010 1.818646 3.008757 0.321891
26 2048 14334056135 12996268 919929 8394686720 7256086905 13873896445 1.718617 0.000066 1.671485 3.008050 2.790803
26 2048 14334013895 12448211 1001857 8029396423 6949804494 13978129384 1.752680 0.000074 1.731595 3.003852 2.673002
26 2048 14334019965 12882503 900827 8381797544 7243000545 13873795473 1.720585 0.000066 1.681540 3.009052 2.785769
26 4096 114657527811 233516001 13808321 64685351746 55991154753 111497351747 1.730355 0.000122 1.693473 3.003713 21.535060
26 4096 114657412120 251505866 14365966 66172965366 57320688934 111738459994 1.699768 0.000124 1.666852 3.001419 22.046419
26 4096 114657406460 241545285 13620318 66543974721 57635279543 111710825150 1.692965 0.000118 1.660439 3.001776 22.167415
28 512 208550360 168934 11570 133300563 153932028 200828764 1.538117 0.014288 58.354138 2.291779 0.059205
28 512 208550307 141947 12390 128866069 112733735 200828694 1.613619 0.010257 27.838197 2.971109 0.043359
28 512 208551095 156253 10933 133245597 114110581 200829500 1.537288 0.019397 112.754608 3.032340 0.043889
28 1024 1664203874 1001828 23369 995561206 860519725 1619327294 1.671688 0.000014 1.660905 3.007393 0.330969
28 1024 1664210361 1015351 23213 1012436633 873809846 1614373322 1.651534 0.000014 1.647755 3.011381 0.336081
28 1024 1664209803 1053835 23934 1032813914 891747774 1623515099 1.622774 0.000015 1.596102 3.010968 0.342980
28 2048 13310156566 12594436 868375 8057167486 6978490507 12973325284 1.635002 0.000066 1.606651 3.001722 2.684035
28 2048 13310156046 13023749 891167 8011370567 6936727736 12996774393 1.647607 0.000067 1.619522 3.002556 2.667972
28 2048 13310156046 13100633 913589 8156169635 7061206681 12938395911 1.621393 0.000070 1.588672 3.003163 2.715849
28 4096 106467600444 244694460 11022359 66973702693 58013811335 103456102573 1.574047 0.000106 1.539764 3.001453 22.313004
28 4096 106467586880 242665843 12841167 66989725009 58047295435 103561865097 1.571767 0.000119 1.538687 3.000517 22.325883
28 4096 106467594177 236319524 11936555 66435231126 57554767755 103514593654 1.585197 0.000111 1.549589 3.001142 22.136449
30 256 24795533 31231 4444 14366001 12535633 23942861 -nan inf inf -nan -nan
30 1024 1593777447 1319518 27890 1056639737 915059547 1547385651 1.511563 0.000019 1.474247 3.002146 0.351946
30 1024 1576032631 1260663 27180 1078033730 933881618 1522945083 1.471449 0.000017 1.423588 3.001366 0.359185
30 1024 1559132219 1166012 24870 1051980860 910641440 1510888141 1.488323 0.000016 1.446790 3.003381 0.350247
30 2048 12566087701 13017584 681624 8764513808 7593043248 12147323796 1.436384 0.000053 1.389912 3.001149 2.920401
30 2048 12450419969 13591336 706704 8661100401 7502932360 12034997806 1.439991 0.000055 1.395076 3.001355 2.885743
30 2048 12567115804 13970688 779704 8515809463 7376682974 12161603676 1.476859 0.000062 1.426396 3.001497 2.837186
30 4096 99371017009 244890173 10860206 67897664321 58829828193 96389553041 1.458287 0.000109 1.419492 3.000724 22.626857
30 4096 99369794057 259876253 10181169 68256238321 59141564848 96464686707 1.451150 0.000103 1.413673 3.000678 22.746756
30 4096 99371151855 223806565 8383105 68010649785 58924272502 96363358511 1.457705 0.000085 1.418594 3.000927 22.663182
32 256 22801344 30320 4670 13391430 11590042 22090979 1.515748 0.019005 31.169373 3.005164 0.004458
32 256 22802159 28733 4412 14625427 12647522 22091793 -nan inf inf -nan -nan
32 256 22800969 26002 3912 14370126 12467237 22090603 1.547209 0.001286 5.822649 2.997515 0.004795
32 512 182234080 145089 12028 126740336 110068664 174919926 1.428763 0.000340 6.643609 2.984290 0.042334
32 512 182128178 153708 11023 130882297 113419905 176438854 1.391593 0.000061 1.348558 3.000302 0.043623
32 512 182127405 159526 11839 127898725 110686808 176438081 1.399521 0.002760 43.153312 3.003680 0.042572
32 1024 1456238306 1122455 22440 1042210249 903014291 1408851605 1.398007 0.000015 1.354526 3.000756 0.347313
32 1024 1456782158 1118122 20667 1051245247 911021892 1411278692 1.385791 0.000014 1.342806 3.000188 0.350393
32 1024 1456852120 1130735 24196 1041979834 902851726 1411348654 1.400060 0.000017 1.358044 3.000636 0.347251
32 2048 11648205271 10608966 314763 8512996826 7377933889 11284258102 1.368287 0.000027 1.325519 2.999999 2.837667
32 2048 11646393743 10778074 360535 8538728525 7400436888 11282520210 1.363964 0.000031 1.321364 2.999917 2.846322
32 2048 11646395679 10833252 287015 8524505910 7387979269 11282445218 1.366226 0.000025 1.323550 2.999970 2.841530
32 4096 93219321729 266843808 8621480 70078709904 60732691101 90311141845 1.330216 0.000092 1.288780 3.000108 23.358727
32 4096 93159870629 220726651 8972226 70002689230 60665007613 90251976667 1.330808 0.000096 1.289355 3.000197 23.332695
32 4096 93159377701 243105769 10770183 70170417881 60815901637 90228729921 1.327626 0.000116 1.285855 2.999924 23.390731
