4 256 184360417 148572 6135 71099569 112000226 138290169 2.593023 0.000033 2.000903 1.659473 0.043077
4 256 184362468 126939 3950 70957741 78842465 138295094 2.598206 0.000021 1.949390 2.339986 0.030324
4 256 184362452 116772 3448 70994948 57761047 138292216 2.596840 0.000019 1.948295 3.195698 0.022216
4 512 1473392271 598986 19358 629042837 511719143 1105049754 2.342277 0.000013 1.756898 3.196111 0.196815
4 512 1473391191 604560 18811 628662463 511254360 1105063958 2.343694 0.000013 1.758231 3.197083 0.196636
4 512 1473391194 609675 18088 628745614 511336039 1105063961 2.343384 0.000012 1.758111 3.196995 0.196668
4 1024 11774145956 4037852 68444 5019206977 4111905336 8830629949 2.345820 0.000006 1.759646 3.173696 1.581502
4 1024 11774145957 4085812 68861 5011819109 4080654753 8830614667 2.349276 0.000006 1.762210 3.193294 1.569483
4 1024 11774147106 4040906 69863 5018326721 4093047874 8830631131 2.346230 0.000006 1.759444 3.187759 1.574249
4 2048 94172328552 58550085 2478997 40913802913 33510818659 70629266288 2.301725 0.000026 1.726230 3.174374 12.888776
4 2048 94172328622 58693508 2436656 40895109193 33421247249 70629252333 2.302777 0.000026 1.727156 3.181428 12.854326
4 2048 94172328639 58697009 2454933 40917593566 33812684834 70629266431 2.301512 0.000026 1.726192 3.146326 13.004879
4 4096 753174132324 515309114 19763614 327687988747 272247293487 564880618668 2.298449 0.000026 1.723768 3.129466 104.710497
4 4096 753174132591 515429852 19495532 327630111852 271027573095 564880604792 2.298855 0.000026 1.724057 3.142995 104.241374
4 4096 753174132029 514957789 19709766 327673225816 271329660680 564880604390 2.298553 0.000026 1.723965 3.139909 104.357562
7 256 105353217 73982 4046 40638160 35753565 90137280 2.592374 0.000039 2.224185 2.955801 0.013751
7 256 105353210 75543 3028 40627806 35209300 90137274 2.593100 0.000029 2.225020 3.000127 0.013542
7 256 105353228 75271 2927 40624281 35742029 90137289 2.593318 0.000028 2.225497 2.955749 0.013747
7 512 841942964 358951 14133 359319317 310891434 720266752 2.343173 0.000017 2.010753 3.004948 0.119574
7 512 841942975 359741 13758 359323441 310938847 720266765 2.343154 0.000016 2.010854 3.004529 0.119592
7 512 841942973 356284 13101 359285370 310842736 720266763 2.343404 0.000016 2.011003 3.005133 0.119555
7 1024 6728088492 2342376 41703 2870115560 2485247072 5762250629 2.344193 0.000006 2.009556 3.002627 0.955864
7 1024 6728088493 2358049 46338 2870981327 2486250085 5762250629 2.343481 0.000007 2.008971 3.002322 0.956250
7 1024 6728088497 2358764 50819 2869546565 2484899422 5762250598 2.344644 0.000008 2.009986 3.002453 0.955731
7 2048 53812763162 30881689 922984 23265836483 20158348878 46113975182 2.312952 0.000017 1.982612 3.000799 7.753211
7 2048 53812762615 31036390 925363 23264054431 20158543815 46113974685 2.313130 0.000017 1.982765 3.000540 7.753286
7 2048 53812763150 31022028 934043 23265712444 20158207709 46113975164 2.312966 0.000017 1.982627 3.000804 7.753157
7 4096 430385231880 273233841 6975831 186207421130 161374843098 368811574924 2.311322 0.000016 1.981188 3.000091 62.067247
7 4096 430385224401 273708627 6945585 186184420233 161315387636 368811567371 2.311608 0.000016 1.981434 3.000825 62.044380
7 4096 430385224401 273668041 6944318 186189913803 161360760455 368811567392 2.311540 0.000016 1.981380 3.000071 62.061831
8 256 92188612 65722 3626 35608196 30853202 80674278 2.588996 0.000039 2.264947 3.000702 0.011867
8 256 92188121 64244 3463 35592846 30840858 80672632 2.590114 0.000038 2.265897 3.000610 0.011862
8 256 92188102 65854 3181 35602701 30860823 80674279 2.589393 0.000035 2.265264 2.999505 0.011870
8 512 736705216 311533 13033 314415599 272486688 644626339 2.343094 0.000018 2.050009 3.000075 0.104803
8 512 736703703 314854 12882 314367577 272444955 644625330 2.343448 0.000017 2.050424 3.000076 0.104787
8 512 736704195 315961 12910 314417844 272486529 644625317 2.343074 0.000018 2.049992 3.000098 0.104803
8 1024 5887078946 2061091 39114 2511145262 2176425660 5151203338 2.344381 0.000007 2.051082 2.999863 0.837087
8 1024 5887079458 2065353 43548 2510165443 2175728145 5151203860 2.345296 0.000007 2.051894 2.999654 0.836819
8 1024 5887078947 2037811 43243 2511240326 2176583773 5151203330 2.344292 0.000007 2.050890 2.999758 0.837148
8 2048 47086173234 26444169 757939 20348418905 17635346712 41200410685 2.313997 0.000016 2.024799 2.999991 6.782826
8 2048 47086173338 26624575 742237 20345228863 17632562866 41200410780 2.314360 0.000016 2.025112 2.999995 6.781755
8 2048 47086173361 26554539 750922 20345202067 17632523060 41200410799 2.314363 0.000016 2.025102 2.999998 6.781740
8 4096 376587076905 234952859 5676957 162818020417 141112093720 329513701042 2.312932 0.000015 2.023835 2.999933 54.273882
8 4096 376587077098 234497410 5672335 162810189885 141102168216 329513701296 2.313044 0.000015 2.023937 3.000000 54.270065
8 4096 376587077450 234495123 5697765 162856332015 141142134929 329513701578 2.312388 0.000015 2.023368 3.000000 54.285437
12 256 61461197 54417 4583 23802022 24647896 61466637 -nan inf -nan -nan -nan
12 256 61460880 63361 5442 23823425 22076678 58100194 -nan inf inf -nan -nan
12 256 61460871 56973 4757 23807780 24538752 58100184 -nan inf -nan -nan -nan
12 512 491138663 244823 14609 210012197 187650367 491144081 -nan inf inf -nan -nan
12 512 491149009 248881 15637 209898029 178398848 491143778 2.167125 0.009347 86.936776 3.052337 0.068615
12 512 491173870 241283 14515 209923617 186252076 491179288 -nan inf inf -nan -nan
12 1024 3924723179 1416091 38116 1673593292 1382258585 3585240357 -nan inf -nan -nan -nan
12 1024 3924736720 1429800 35226 1674327996 1410588462 3924729254 2.192440 0.021320 1125.018608 3.069590 0.542534
12 1024 3924738342 1426353 40400 1675036926 1383477437 3600699773 1.994853 0.241090 43541.498638 3.057701 0.532107
12 2048 31390849879 18489209 1116963 13653604201 11448138091 30181118028 2.297847 0.000037 2.440676 3.091218 4.403130
12 2048 31390785512 18340686 695049 13660182841 11648594548 28831058936 2.297924 0.000022 2.111175 3.051478 4.480229
12 2048 31390794208 21473223 964132 13690542579 11643978170 29090331281 2.292937 0.000031 2.129388 3.057374 4.478453
12 4096 251058054223 180224401 7111980 109847176308 93388076149 231013094699 2.285512 0.000028 2.104900 3.058713 35.918491
12 4096 251058079423 196459836 9697683 110038727034 93478026206 234580126939 2.281749 0.000038 2.158212 3.058452 35.953087
12 4096 251058062844 189712711 8627809 110093958054 93616711643 231169915896 2.280436 0.000034 2.106569 3.057533 36.006428
16 256 46099107 44163 4957 17998294 15779341 46102360 2.428509 0.013545 184.835809 2.986866 0.006069
16 256 46100395 42959 4655 17923244 15435293 46103647 2.431657 0.010447 70.144547 3.011080 0.005937
16 256 46099135 46763 5151 17910240 16152366 46103215 -nan inf inf -nan -nan
16 512 368357248 181516 13385 157566210 138332925 345339395 2.337796 0.000036 2.191561 2.962161 0.053205
16 512 368356836 175275 13070 157635747 136585164 345338965 2.336765 0.000035 2.190495 3.000714 0.052533
16 512 368357370 173247 13424 157598667 140376517 345339499 2.337319 0.000036 2.191075 2.921118 0.053991
16 1024 2943545765 1084039 29836 1255734759 1111702094 2767850689 2.344077 0.000010 2.204684 2.938212 0.427578
16 1024 2943546549 1061925 30340 1256039541 1088528304 2759579348 2.343516 0.000010 2.196937 3.000108 0.418665
16 1024 2943545504 1066031 31108 1255935457 1090357138 2759578313 2.343709 0.000011 2.197047 2.994840 0.419368
16 2048 23543092974 13123855 408195 10173807088 8820978811 22071654179 2.314094 0.000017 2.169300 2.998750 3.392684
16 2048 23543092523 13191051 491681 10184230667 8852964605 22069127286 2.311739 0.000021 2.166556 2.990982 3.404986
16 2048 23543092885 14629588 463208 10207806003 8866807623 22083164556 2.306389 0.000020 2.163064 2.993238 3.410311
16 4096 188293547081 124929212 3133986 81659630086 70788429344 176525213120 2.305844 0.000017 2.161439 2.999292 27.226319
16 4096 188293545215 134235138 4523617 81914933580 71118827567 176521384236 2.298651 0.000024 2.154956 2.994695 27.353395
16 4096 188293547332 125976886 3157824 81683362500 70894451098 176550330447 2.305174 0.000017 2.161116 2.995690 27.267097
20 256 36882627 37940 4671 16020370 15825837 35589324 -nan inf -nan -nan -nan
20 256 36883244 38145 4429 14843894 14852186 35871781 -nan inf inf -nan -nan
20 256 36882619 39072 4469 15558486 15977547 35013292 -nan inf inf -nan -nan
20 512 294689646 142851 12382 141989436 128045767 279728545 2.147001 0.000681 18.283138 2.858581 0.049248
20 512 294688805 148173 11853 132307265 117458680 286718015 -nan inf inf -nan -nan
20 512 294688187 151027 12316 131672622 116348572 279733813 -nan inf inf -nan -nan
20 1024 2354838985 816530 27614 1093223803 941283671 2296839503 2.109527 0.000012 2.163351 3.018816 0.362032
20 1024 2354839610 822427 25731 1081329250 930993298 2294116565 2.107880 0.000012 2.182421 3.019212 0.358074
20 1024 2354847399 774255 24247 1105033477 952079869 2303412306 2.078343 0.000011 2.113029 3.017976 0.366185
20 2048 18834481755 12063246 891504 9152693434 7904867977 18355306806 2.027460 0.000050 2.038304 3.009341 3.040334
20 2048 18834486443 10909180 896179 9142427026 7897130702 18310375906 2.027673 0.000048 2.029246 3.009313 3.037358
20 2048 18834481285 11927825 973488 8856182008 7643855307 18429382513 2.070017 0.000054 2.055463 3.011835 2.939944
20 4096 150634949955 131785202 13945390 73919976506 63938190789 145179103112 2.003251 0.000093 1.964330 3.005727 24.591612
20 4096 150634936820 130105737 13845761 72598631270 62828971076 146224202274 2.028403 0.000093 2.013544 3.004198 24.164989
20 4096 150634923736 128905546 13094428 72812003469 63020199827 146278934382 2.022904 0.000089 2.008159 3.003611 24.238538
24 256 30737442 37729 4706 14255423 12945992 29419686 -nan inf inf -nan -nan
24 256 30737812 29402 3858 14772518 12885643 29420040 -nan inf -nan -nan -nan
24 256 30736450 27669 3562 14151322 13675270 29418689 -nan inf -nan -nan -nan
24 512 245575198 111839 12052 138169559 127984853 235026056 -nan inf -nan -nan -nan
24 512 245575142 122781 12010 130573569 118253447 233581598 -nan inf inf -nan -nan
24 512 245575115 115234 10303 120447637 104634844 237141546 -nan inf -nan -nan -nan
24 1024 1962375251 647604 26022 980235366 848049882 1913671218 1.944885 0.000014 1.961083 3.004860 0.326173
24 1024 1962375913 654626 25288 985609087 851443567 1916191770 1.933696 0.000014 1.952713 3.009848 0.327478
24 1024 1962367633 646516 25091 983317016 849765389 1914379132 1.926925 0.000014 1.961237 3.007150 0.326833
24 2048 15695421689 7934765 601883 8925008931 7715602308 15186303279 1.769938 0.000038 1.732468 3.007372 2.967539
24 2048 15695427081 9566456 802795 8824874273 7624142348 15159699684 1.784998 0.000051 1.730703 3.009285 2.932362
24 2048 15695422455 7206148 506858 8940134499 7719311338 15183736817 1.769278 0.000032 1.732624 3.011291 2.968966
24 4096 125529240025 116910281 11321399 68548330240 59316363539 122111094549 1.801124 0.000090 1.778828 3.004168 22.813986
24 4096 125529237003 119139387 11890337 69312100811 59965242653 122051780326 1.785451 0.000094 1.757276 3.004768 23.063555
24 4096 125529246399 117003007 11519343 68131793787 58999948947 121826670200 1.807653 0.000091 1.776535 3.002359 22.692288
28 512 210905805 102928 13706 127963041 131996257 210908127 -nan inf inf -nan -nan
28 512 210905848 91176 11526 136520969 131318598 203097013 -nan inf inf -nan -nan
28 512 210905857 82551 11280 133492800 115012995 203097019 1.615095 0.000062 1.766501 3.015781 0.044236
28 1024 1682031490 431431 21573 1032783219 892003441 1643227876 1.634719 0.000013 1.618560 3.009200 0.343078
28 1024 1682037715 437226 21942 1022230983 883957560 1640631123 1.639140 0.000014 1.614765 3.006312 0.339984
28 1024 1682037725 439676 23730 1028959788 888474574 1635354975 1.644408 0.000014 1.638002 3.010095 0.341721
28 2048 13453221415 7917021 714272 8347131515 7230460203 13048858418 1.603260 0.000052 1.559036 3.001476 2.780946
28 2048 13453221123 7035774 668655 8220074011 7118944814 13089897391 1.622362 0.000048 1.587481 3.002165 2.738056
28 2048 13453221408 7004688 579635 8306699180 7192604780 13027462022 1.612378 0.000042 1.572322 3.002673 2.766386
28 4096 107596556389 103746992 9713314 67430745279 58408097876 104318850803 1.585572 0.000090 1.539208 3.001619 22.464653
28 4096 107596557918 105175589 9291841 67128755315 58152232255 104475804530 1.592754 0.000085 1.552464 3.001322 22.366243
28 4096 107596489064 105164685 9139052 67321258093 58321589855 104345853765 1.588831 0.000084 1.546713 3.001173 22.431381
32 256 23055792 28012 4477 12851320 11048986 22337484 1.731933 0.006357 17.645115 3.021316 0.004250
32 256 23055144 26341 5065 14154709 12228642 22336835 -nan inf inf -nan -nan
32 256 23055510 25931 3783 13353578 11490007 22337203 -nan inf inf -nan -nan
32 512 184184444 77220 11608 126442283 110854024 178430838 -nan inf inf -nan -nan
32 512 184184435 76596 11418 127102671 109972027 178430828 -nan inf inf -nan -nan
32 512 184184619 70020 10746 130293793 112903349 178431011 1.413642 0.000058 1.369424 3.000477 0.043424
32 1024 1471779127 279602 18641 1039666859 901003189 1425788174 1.415630 0.000013 1.371434 3.000138 0.346540
32 1024 1471787332 276849 19954 1036025661 897780246 1425796382 1.420902 0.000014 1.377170 3.000364 0.345300
32 1024 1471787328 296607 20048 1032105675 894222339 1425796376 1.426577 0.000014 1.379420 3.000881 0.343932
32 2048 11771609396 3886864 229761 8329957799 7218938901 11403753206 1.413166 0.000019 1.369081 3.000148 2.776515
32 2048 11771576590 4177211 192988 8326467680 7216201460 11403720085 1.413754 0.000016 1.369599 3.000029 2.775462
32 2048 11771629434 4181457 192555 8328999636 7218358839 11403770361 1.413331 0.000016 1.369170 3.000045 2.776292
32 4096 94147146705 44869782 1287888 66729916409 57830923994 91205046945 1.410873 0.000014 1.366831 3.000087 22.242663
32 4096 94147094824 48805239 1408394 66495045432 57628572748 91204992851 1.415852 0.000015 1.371613 3.000024 22.164836
32 4096 94147087185 39995969 1203442 66438467233 57579386630 91204990738 1.417057 0.000013 1.372759 3.000032 22.145918
