4 256 147239707 4265316 4257 81670812 111280988 110435441 1.802909 0.000029 1.355180 1.908252 0.042800
4 256 147237548 4255878 2283 81801290 66601255 110433473 1.800025 0.000016 1.352970 3.193408 0.025616
4 256 147237547 4255680 1637 81686934 66609432 110433472 1.802537 0.000011 1.354903 3.188591 0.025619
4 512 1176071751 33818941 19203 673957690 548277249 882059062 1.745117 0.000016 1.311677 3.196000 0.210876
4 512 1176071751 33820122 16986 673706078 547816178 882059062 1.745761 0.000014 1.311917 3.197487 0.210699
4 512 1176071750 33817011 17058 673848050 547757912 882059061 1.745408 0.000015 1.312149 3.198501 0.210676
4 1024 9401825776 269083605 136272 5078811465 4130767446 7051374501 1.851329 0.000014 1.392063 3.196719 1.588757
4 1024 9401825752 269697191 136832 5078450676 4174582841 7051374491 1.851462 0.000015 1.392056 3.162939 1.605609
4 1024 9401825750 269121945 137864 5073754119 4126108857 7051374470 1.853192 0.000015 1.393369 3.197140 1.586965
4 2048 75188220181 2152499535 748857382 127578934809 105479406539 56391185965 0.589347 0.009960 0.441989 3.144739 40.569003
4 2048 75188219308 2147735386 833347114 127646199972 105704516866 56391184009 0.589036 0.011083 0.441762 3.139697 40.655583
4 2048 75188219355 2148418549 1324767282 128954481938 105978500329 56391184025 0.583060 0.017619 0.437184 3.163676 40.760962
4 4096 601400651975 17219818667 15239392748 1032142477400 858633778431 451050509192 0.582672 0.025340 0.437004 3.125396 330.243761
4 4096 601400655286 17223622706 15499242429 1042629199970 869629355920 451050511490 0.576812 0.025772 0.432571 3.117231 334.472829
4 4096 601400652141 17218578752 15443340218 1035275921371 860403377717 451050508958 0.580909 0.025679 0.435670 3.128437 330.924376
6 256 98162202 2840618 2834 54719885 46465414 81686961 1.793983 0.000029 1.496240 3.062253 0.017871
6 256 98162194 2839700 2114 54482133 46581292 81686953 1.801847 0.000022 1.502667 3.041686 0.017916
6 256 98162196 2841793 1640 54528293 46827386 81686955 1.800324 0.000017 1.501503 3.028489 0.018011
6 512 784051670 22550788 14035 450933040 379748759 652368389 1.738823 0.000018 1.450252 3.087356 0.146057
6 512 784051677 22549809 11717 451420346 378809210 652368396 1.736998 0.000015 1.448916 3.098360 0.145696
6 512 784051667 22549282 11180 450784276 378291957 652368386 1.739449 0.000014 1.450947 3.098226 0.145497
6 1024 6267887665 179808950 105047 3396577405 2850736243 5221201993 1.845455 0.000017 1.538665 3.097825 1.096437
6 1024 6267887655 179326977 98943 3393314700 2847934331 5221201982 1.847233 0.000016 1.540115 3.097895 1.095359
6 1024 6267887740 179804517 98454 3396358714 2850388029 5221202024 1.845576 0.000016 1.538774 3.098005 1.096303
6 2048 50125482875 1436820530 605281999 84017270046 71674796591 41754931459 0.596609 0.012085 0.497098 3.047721 27.567229
6 2048 50125481583 1438478834 605047024 81064016944 68853496781 41754930338 0.618343 0.012076 0.515196 3.061085 26.482114
6 2048 50125481893 1437804226 483458405 80731503713 68415604954 41754930639 0.620893 0.009637 0.517383 3.068040 26.313694
6 4096 400933776351 11473594282 6907033260 682846186148 582183080834 334078864745 0.587151 0.017230 0.489292 3.049556 223.916570
6 4096 400933776009 11474391063 6562733070 681821615218 581142189983 334078864431 0.588033 0.016367 0.490020 3.050434 223.516227
6 4096 400933781934 11481503285 7150861397 684589684607 581062374862 334078870246 0.585656 0.017840 0.488046 3.063239 223.485529
8 256 73626067 2135649 2983 40907908 36781738 64424711 1.799846 0.000041 1.572910 2.892835 0.014147
8 256 73627631 2133393 2201 40986676 35544333 64433421 1.796479 0.000030 1.569511 2.998107 0.013671
8 256 73626618 2132515 2029 40971904 35538460 64432409 1.797085 0.000028 1.570669 2.997524 0.013669
8 512 588042148 16918184 11253 337699406 294680126 514479845 1.741406 0.000019 1.520953 2.979586 0.113339
8 512 588042144 16912996 9625 337553081 292437791 514545763 1.742164 0.000016 1.521919 3.001105 0.112476
8 512 588042145 16912450 9061 337748835 292613782 514538619 1.741155 0.000015 1.520980 3.001039 0.112544
8 1024 4700918452 134066938 73986 2506301929 2172005381 4113300763 1.875803 0.000016 1.638025 3.000163 0.835387
8 1024 4700918528 134549844 70465 2546270673 2205601430 4113305336 1.846349 0.000015 1.612392 3.001577 0.848308
8 1024 4700918530 133962735 85674 2544867176 2204582506 4113312974 1.847339 0.000018 1.613239 3.001312 0.847916
8 2048 37594118340 1077321585 254962922 62581566377 54236101036 32894863098 0.600722 0.006782 0.525617 3.000069 20.860039
8 2048 37594117863 1077055891 214452188 61663979922 53439816196 32894862663 0.609662 0.005704 0.533423 3.000129 20.553775
8 2048 37594119911 1076658276 157758405 62901906367 54514977653 32894864121 0.597663 0.004196 0.522962 3.000000 20.967299
8 4096 300700346338 8608024978 4506079372 532991485916 461919767923 263112812347 0.564175 0.014985 0.493673 3.000040 177.661449
8 4096 300700340539 8603913050 4344797024 514572868159 445962349189 263112807343 0.584369 0.014449 0.511333 3.000005 171.523980
8 4096 300700359424 8606143635 4400026812 514983548626 446317644779 263112821567 0.583903 0.014633 0.510913 3.000010 171.660633
10 256 58902745 1716310 6127 32799663 36079739 50667580 -nan inf inf -nan -nan
10 256 58903153 1713807 5592 32796042 30486125 58909681 -nan inf inf -nan -nan
10 256 58902337 1636026 5537 32742089 27492327 58908865 -nan inf inf -nan -nan
10 512 470436012 13549466 17866 270698356 221311966 470442515 -nan inf inf -nan -nan
10 512 470435605 13549867 18026 270328379 233366952 422666141 1.582219 0.105071 714.554699 2.888932 0.089757
10 512 470435600 13551733 17362 270847243 221488654 470442102 -nan inf inf -nan -nan
10 1024 3760755239 107731267 82688 2030198156 1674166678 3513045005 1.697545 0.006828 964.770618 3.124926 0.643910
10 1024 3760755232 107695640 74837 2033258150 1668665479 3760761684 -nan inf inf -nan -nan
10 1024 3760755695 107702753 72121 2032617225 1678745086 3760759543 1.687435 0.118723 3143.092314 3.095246 0.645671
10 2048 30075571943 864811622 706447383 61489830206 51762531821 28561571165 0.486836 0.023081 0.523370 3.071822 19.908666
10 2048 30075425454 864113747 615584425 66719174778 56434250797 28003991658 0.446365 0.020080 0.442768 3.069619 21.705481
10 2048 30075350723 863330378 579496824 63044712993 53563426108 27545346571 0.474701 0.018912 0.441747 3.058048 20.601318
10 4096 240560831092 6880860789 4516190070 509462901557 434103217548 221120634450 0.471431 0.018646 0.441309 3.049739 166.962776
10 4096 240560756284 6874827788 5555535888 517382993291 440944929812 219550270552 0.464253 0.022945 0.429462 3.049338 169.594204
10 4096 240560824519 6882191521 4246836858 515846055939 438643991580 222358563749 0.464973 0.017123 0.437953 3.055699 168.709228
12 256 49086860 1355723 5217 27279382 26847489 49092300 -nan inf inf -nan -nan
12 256 49087540 1357444 5107 27234140 29398938 49092980 -nan inf inf -nan -nan
12 256 49087882 1432450 4997 27350156 26841615 49093322 -nan inf inf -nan -nan
12 512 392031588 11293178 15593 225735704 187344952 359113085 -nan inf -nan -nan -nan
12 512 392031591 11290987 14617 226562293 197721953 392037009 -nan inf inf -nan -nan
12 512 392031585 11289543 14909 226313761 184234778 368306484 -nan inf -nan -nan -nan
12 1024 3133965041 89710517 66870 1696521785 1414699069 2982210377 1.697636 1.249067 17299.769320 3.102836 0.544115
12 1024 3133964958 89752354 69160 1700256514 1405003513 3133969116 1.585457 0.262189 4530.306848 3.094549 0.540386
12 1024 3133964608 89753592 66287 1698002996 1398859490 2844831094 1.596455 0.062833 3459.229617 3.159585 0.538023
12 2048 25062952686 720877730 589248523 52416646520 44176809583 24587033767 0.469983 0.023476 0.547175 3.075230 16.991081
12 2048 25063001834 720120227 535122363 51606454775 43489095543 25062825369 0.459783 0.097019 166.119645 3.071530 16.726575
12 2048 25062798850 719561051 549877054 54734065539 46244759630 23601702564 0.452808 0.022168 0.432425 3.072868 17.786446
12 4096 200467224837 5745565235 5304067836 460531964189 390214614237 184833853547 0.433402 0.026534 0.404428 3.065595 150.082544
12 4096 200467777840 5739938796 5331814112 445087259693 377637398274 184139916577 0.448532 0.026616 0.426453 3.061155 145.245153
12 4096 200467224491 5741781844 5548883706 447681240569 380455871936 186229049652 0.447170 0.027663 0.418800 3.057820 146.329182
14 256 42077281 1229191 4760 23571638 26587544 42081944 -nan inf inf -nan -nan
14 256 42078451 1227614 4413 23554343 22900057 42083114 -nan inf -nan -nan -nan
14 256 42077279 1229612 4432 23568072 24368124 42081941 -nan inf inf -nan -nan
14 512 336028724 9678659 13391 194474972 174093492 324262329 1.728665 0.000041 1.778146 2.894478 0.066959
14 512 336028730 9681006 13448 194330694 182388116 336033375 -nan inf inf -nan -nan
14 512 336028737 9680044 13313 194258171 190055606 336033381 -nan inf inf -nan -nan
14 1024 2686245085 77063779 54524 1458651595 1246605068 2523600925 1.842096 0.000020 1.736864 3.042485 0.479463
14 1024 2686244085 77090212 57597 1458435156 1239406927 2686248693 -nan inf inf -nan -nan
14 1024 2686253178 75602516 55138 1441975771 1229279461 2668655804 1.864762 0.000033 3.131555 2.961054 0.472800
14 2048 21482410224 616797353 415837803 45324358873 38539148683 20366841854 0.472393 0.019750 0.441623 3.056310 14.822749
14 2048 21482406705 615644115 382891389 44929108820 38185349278 20323236673 0.476786 0.017991 0.451228 3.057136 14.686673
14 2048 21482441738 616563699 482022878 46659850463 39763375878 21482375720 0.445336 0.150094 327.918498 3.048599 15.293606
14 4096 171829160836 4914673380 4692807006 406526927508 346861565191 160637878446 0.421031 0.027368 0.393957 3.045934 133.408294
14 4096 171829222995 4920830089 4711075048 418515078801 357225326285 162794404110 0.408655 0.027382 0.387284 3.044683 137.394356
14 4096 171829205637 4917668548 4738993950 423618807990 362477536887 162610107147 0.403618 0.027562 0.378495 3.036729 139.414437
16 256 36818021 1058802 4110 20605201 20330209 36822101 -nan inf -nan -nan -nan
16 256 36819048 1083312 4796 20606600 20756476 34522369 1.787109 0.000138 1.834165 2.639216 0.007983
16 256 36819331 1073120 3537 20621039 20199357 34522651 1.785705 0.000096 1.672802 2.690023 0.007769
16 512 294026594 8479107 17020 169422599 181258780 281579991 1.735525 0.000058 1.686586 2.509146 0.069715
16 512 294026840 8470731 11611 169255242 165384025 275654609 1.737345 0.000039 1.627808 2.693020 0.063609
16 512 294026839 8466069 10991 169969390 156005403 275654608 1.730013 0.000037 1.620463 2.841765 0.060002
16 1024 2350465030 67373254 46702 1273791792 1129569663 2203565360 1.845397 0.000020 1.728377 2.933468 0.434450
16 1024 2350464990 67404699 47600 1267243676 1104919648 2203565329 1.854930 0.000020 1.737566 2.982074 0.424969
16 1024 2350465025 67434990 48484 1274705445 1110941489 2203565356 1.844064 0.000021 1.727239 2.983365 0.427285
16 2048 18797162562 539981456 277200014 37959427552 32730457569 17966798597 0.496876 0.015464 0.470066 3.012858 12.588638
16 2048 18797069049 538395545 394069235 40143547011 34728528337 17814831847 0.468099 0.021240 0.444384 3.004647 13.357126
16 2048 18797092964 540926748 338819502 39314704475 33929673240 17933586429 0.479569 0.018514 0.453078 3.010649 13.049874
16 4096 150350463681 4303757057 3605917484 351722957020 303188810392 143259866424 0.426880 0.024469 0.403664 3.014599 116.611081
16 4096 150350449877 4301228470 3605391432 366984107308 316348278231 142985155297 0.409117 0.023802 0.386340 3.014627 121.672415
16 4096 150350383435 4300760621 3660123550 348990948463 301104678699 142935966063 0.430593 0.024700 0.406804 3.012322 115.809492
18 256 32730025 958856 4179 18386750 18614265 32733651 -nan inf -nan -nan -nan
18 256 32729570 957524 3874 18356463 17711012 32733197 -nan inf -nan -nan -nan
18 256 32729799 958484 3850 18341583 19408621 32733426 -nan inf -nan -nan -nan
18 512 261358255 7530949 11040 151184175 163984158 261361868 -nan inf -nan -nan -nan
18 512 261358478 7452241 11761 162344159 163945220 253833720 1.638942 0.000052 2.106273 2.605376 0.063056
18 512 261359161 7362320 11372 165268018 144364468 251663958 -nan inf inf -nan -nan
18 1024 2089303561 59981407 46028 1223083544 1053986805 2041388102 1.681975 0.000023 1.748134 3.014819 0.405380
18 1024 2089303552 59945039 43336 1205850822 1038625530 2047473674 1.691349 0.000023 1.813454 3.015909 0.399471
18 1024 2089310663 59889192 45061 1253417230 1081365404 2039000673 1.669691 0.000022 1.674932 3.011001 0.415910
18 2048 16708522177 477931833 272003798 35606633908 30679391013 16084255812 0.468975 0.015428 0.456889 3.016162 11.799766
18 2048 16708532108 476098883 317320866 37156324176 32123669670 16272257598 0.448978 0.017523 0.446090 3.006702 12.355258
18 2048 16708522741 475743396 321398985 36798274223 31798920681 16242659355 0.451475 0.017680 0.450520 3.008048 12.230354
18 4096 133644932748 3797543802 3121205045 347529015700 300204516323 129762958380 0.380643 0.021714 0.373327 3.009266 115.463276
18 4096 133644962514 3790486640 3192682671 344005870585 296837228098 129237521368 0.385201 0.022497 0.378831 3.012189 114.168165
18 4096 133644971444 3790202753 3121426177 340880117981 294416275267 129859501785 0.387024 0.021757 0.378267 3.009762 113.237029
20 256 29457951 859332 3102 16477568 18399556 29461215 -nan inf -nan -nan -nan
20 256 29458162 859464 2794 16508893 18937217 29461426 -nan inf -nan -nan -nan
20 256 29459600 839207 3579 18302515 16566101 27967278 -nan inf -nan -nan -nan
20 512 235224003 6783766 10706 142197584 125964766 235226146 -nan inf inf -nan -nan
20 512 235223547 6687333 9321 141074949 121949978 228327177 1.701781 0.000041 1.755877 3.013619 0.046904
20 512 235223565 6784768 10315 146465843 126213441 225528490 -nan inf -nan -nan -nan
20 1024 1880374368 53711605 39949 1156083575 995395846 1849657867 1.563564 0.000022 1.674920 3.019844 0.382845
20 1024 1880380964 53931322 40606 1138056509 978271149 1849442535 1.568950 0.000023 1.649868 3.021938 0.376258
20 1024 1880377042 53979497 40605 1142553341 982514044 1850258332 1.600312 0.000024 1.638244 3.020821 0.377890
20 2048 15037714221 412629535 230990900 31221088526 27038800687 14489010182 0.478923 0.014080 0.464535 3.002010 10.399539
20 2048 15037684574 415119042 259596760 33899130594 29293251513 14568002290 0.440387 0.015272 0.432767 3.008165 11.266635
20 2048 15037686856 411772509 260175947 33931397440 29336462069 14549303220 0.441657 0.015420 0.432414 3.006549 11.283255
20 4096 120280530676 3370084428 2516618655 312438598132 270167676110 117296432441 0.376673 0.018348 0.375557 3.006147 103.910645
20 4096 120280461815 3356968613 2508259056 316383953040 273471220893 116770116509 0.375385 0.018634 0.368272 3.007669 105.181239
20 4096 120280507298 3367520813 2463804470 304571355047 263307374782 117080123082 0.387039 0.018087 0.382629 3.006795 101.272067
22 256 26780090 751271 3876 16947721 15167357 25527987 -nan inf -nan -nan -nan
22 256 26781214 759037 3741 17943768 17824450 25529113 -nan inf inf -nan -nan
22 256 26781024 782578 3604 16261924 15428014 25528924 -nan inf -nan -nan -nan
22 512 213840663 6165500 9782 126104816 123934595 207163580 -nan inf -nan -nan -nan
22 512 213840670 6175372 10019 161598105 139116083 210129390 1.426822 0.000050 1.648024 2.996401 0.053506
22 512 213840655 6170767 9701 138891318 120538649 205679805 -nan inf inf -nan -nan
22 1024 1709440583 48345272 38302 1064139827 916910198 1677203960 1.495679 0.000024 1.556792 3.018076 0.352658
22 1024 1709432281 49069546 38185 1085624690 935634308 1665649734 1.513831 0.000023 1.521020 3.015732 0.359859
22 1024 1709432679 48498374 36680 1073795025 926802342 1670612499 1.521243 0.000022 1.531328 3.012065 0.356462
22 2048 13670626653 363660460 208520004 31645834256 27344278056 13227546990 0.428642 0.012924 0.415602 3.008191 10.517030
22 2048 13670636422 354962402 197981541 30667710418 26500653671 13253108961 0.440993 0.012058 0.429283 3.007898 10.192559
22 2048 13670653102 354357051 192664176 30811938851 26620425832 13244512821 0.439426 0.011867 0.426190 3.008618 10.238625
22 4096 109345970676 2940876969 1890399581 277248537118 239582666497 106465631029 0.386549 0.014992 0.378286 3.008101 92.147179
22 4096 109345901797 2940828459 1920312074 284704752563 246119925768 105417595297 0.377339 0.015021 0.368362 3.006810 94.661510
22 4096 109345927444 2917584792 1775937134 274771599394 237591631391 106546352139 0.389760 0.014063 0.377151 3.006090 91.381397
24 256 24549544 681588 3532 17365533 15915083 23497626 -nan inf -nan -nan -nan
24 256 24549905 654140 3935 14934956 13550916 23498365 -nan inf -nan -nan -nan
24 256 24551259 653269 3905 17452534 15869442 24072525 -nan inf inf -nan -nan
24 512 196021726 5648290 8305 113627227 97391162 190880844 -nan inf -nan -nan -nan
24 512 196021562 5637676 9301 141253999 121438664 187613028 -nan inf inf -nan -nan
24 512 196021561 5657370 9203 128259104 112786508 196024270 -nan inf -nan -nan -nan
24 1024 1566980602 44112446 37662 1044558777 901724679 1512805890 1.424806 0.000025 1.441722 3.012452 0.346817
24 1024 1566981500 44571240 35542 1066091995 920755681 1532956517 1.415789 0.000023 1.435560 3.010213 0.354137
24 1024 1566988179 44957090 35170 1052503342 908721506 1514941189 1.432914 0.000024 1.456528 3.012122 0.349508
24 2048 12531477044 323484850 190456093 31004739048 26785902828 12238951839 0.395792 0.012436 0.392514 3.008622 10.302270
24 2048 12531499191 347229017 222279966 34379597953 29682141604 12284110726 0.349824 0.015793 0.354650 3.009731 11.416208
24 2048 12531484039 320547372 192180337 31742368047 27422404414 12233486226 0.388142 0.012459 0.387887 3.008359 10.547079
24 4096 100234659296 2819172666 2239230541 323537424101 279978209033 98540011366 0.292193 0.020950 0.297961 3.003824 107.683927
24 4096 100234441146 2728114924 2207303044 292936406069 253518916035 98133701364 0.330528 0.019437 0.335731 3.003934 97.507275
24 4096 100234493707 2826258202 2355604894 312008644043 269987023522 97876191015 0.304111 0.021979 0.311670 3.004047 103.841163
26 256 22662475 632918 3239 22175912 19375039 21779942 1.109452 0.000143 1.076042 2.975282 0.007452
26 256 22663137 664863 3067 17297707 15727646 21780604 -nan inf -nan -nan -nan
26 256 22661692 647027 3186 15945182 13525022 21779160 -nan inf -nan -nan -nan
26 512 180943891 5126235 8847 188475095 160410147 174074175 -nan inf inf -nan -nan
26 512 180950890 5208263 9364 167051084 142662071 173882694 1.196268 0.020558 34.472568 3.006768 0.054870
26 512 180943892 5133496 11875 159879153 136469651 173878449 -nan inf inf -nan -nan
26 1024 1446444566 41237749 35199 1137645053 982770790 1409065354 1.262522 0.000025 1.246244 3.008136 0.377989
26 1024 1446444593 41347504 35685 1129671518 974424949 1398702328 1.261560 0.000025 1.257232 3.013205 0.374779
26 1024 1446451574 40987616 32521 1123587030 969410996 1406876323 1.270923 0.000021 1.243496 3.011976 0.372850
26 2048 11567502374 275290562 115269492 24427507179 21142198078 11278486581 0.465908 0.008249 0.458783 3.003368 8.131615
26 2048 11567517141 293304375 131239982 27576626298 23867439656 11347375668 0.412940 0.009500 0.424860 3.003571 9.179784
26 2048 11567509550 283007991 125375601 26144512931 22615935749 11319593600 0.434085 0.008983 0.433352 3.004931 8.698437
26 4096 92524087768 2534469582 1922217602 293944377603 254388520812 89493834356 0.303206 0.018916 0.300925 3.003936 97.841739
26 4096 92524023526 2486428437 1753304447 279265537247 241723397832 90627633021 0.320091 0.017319 0.319508 3.003523 92.970538
26 4096 92524065455 2493208134 1845724273 292213062909 252838753009 90514462186 0.308258 0.017816 0.303965 3.004684 97.245674
28 512 168348312 4719313 8544 150293977 128157567 163428523 -nan inf -nan -nan -nan
28 512 168348296 4728530 7915 185015966 157682993 162115666 -nan inf -nan -nan -nan
28 512 168348290 4806131 8336 154974439 135022217 168350612 -nan inf inf -nan -nan
28 1024 1343128075 37881041 32287 1193286377 1029464798 1305318277 1.124261 0.000024 1.117548 3.013146 0.395948
28 1024 1343134476 38459896 34423 1195052282 1030544453 1303451087 1.128785 0.000025 1.106350 3.013564 0.396363
28 1024 1343127988 38592896 32927 1180490718 1019284354 1294599461 1.134568 0.000024 1.096783 3.010616 0.392032
28 2048 10741260148 257298509 106577428 24430497193 21122726707 10526970149 0.434394 0.008332 0.429356 3.006224 8.124126
28 2048 10741267118 244735211 106914642 25031512913 21629781497 10454595696 0.427873 0.008555 0.417832 3.007765 8.319147
28 2048 10741260451 272190566 104836922 25327123292 21882769753 10586816374 0.416295 0.009233 0.416495 3.008253 8.416450
28 4096 85915312396 2303962797 1482243048 291616386677 252546527280 83887432442 0.288240 0.015334 0.283705 3.002058 97.133280
28 4096 85915197894 2360912913 1775321950 285512061968 247146180793 84227432336 0.293448 0.020514 0.292545 3.003361 95.056223
28 4096 85915206110 2320923789 1555813725 295231846551 255593395782 83548621651 0.285579 0.016496 0.279248 3.003139 98.305152
30 256 20025561 591883 4007 18580701 16352565 19337370 -nan inf -nan -nan -nan
30 1024 1301300103 35867494 35231 1340371091 1159247783 1258453105 0.981920 0.000026 0.949210 3.006016 0.445865
30 1024 1294595316 36117024 35322 1344544272 1164035306 1253450539 0.969248 0.000026 0.940631 3.003073 0.447706
30 1024 1288421758 35892152 35567 1292406925 1119023059 1245576845 1.014758 0.000028 0.983864 3.002798 0.430393
30 2048 10025215111 238724679 76230530 27394629793 23698038822 9739122412 0.366956 0.007616 0.356602 3.005410 9.114630
30 2048 10025213817 205978572 51095555 25789519518 22310914276 9714040468 0.389729 0.005046 0.376982 3.005222 8.581121
30 2048 10025201215 215414213 60775102 24835644950 21492579355 9671190137 0.403299 0.005906 0.391055 3.004113 8.266377
30 4096 80187874893 2107030967 1266010775 276580638820 239595213594 77494028169 0.288790 0.016313 0.283068 3.001270 92.152005
30 4096 80187854838 2096606698 1324589368 280930336347 243364523772 77985805416 0.284278 0.016957 0.278457 3.001286 93.601740
30 4096 80187578177 2096925368 1296390400 279266568714 241905309290 77980722857 0.286108 0.016597 0.278208 3.001521 93.040504
32 256 18415060 537305 3271 18836804 16331704 17841762 0.914307 0.009981 14.991270 3.000272 0.006281
32 256 18415869 502530 2976 20749139 17982072 17842569 0.887783 0.000162 0.860680 3.000110 0.006916
32 256 18414806 535459 5634 19292557 17171596 17841506 -nan inf inf -nan -nan
32 512 147019102 4024805 8681 183870203 159208736 140893888 0.803468 0.006168 17.602955 2.991024 0.061234
32 512 147019480 4227012 8479 171833412 148435854 141282876 0.888469 0.013544 110.329448 2.974690 0.057091
32 512 147019104 3966111 8164 193306451 168594709 142426915 0.800121 0.000057 0.819519 2.965620 0.064844
32 1024 1175239809 22123888 26256 1272290770 1102171067 1138515746 0.923810 0.000022 0.894780 3.001300 0.423912
32 1024 1175239841 33316984 28139 1340569641 1161057738 1138515779 0.878311 0.000024 0.846924 3.001957 0.446561
32 1024 1175238562 32853003 27630 1338248111 1159163932 1138514500 0.879088 0.000024 0.852281 3.001655 0.445832
32 2048 9398757703 255080376 106371466 37965335306 32875796624 9025169176 0.248162 0.011024 0.239956 3.002458 12.644537
32 2048 9398766149 264885705 128058924 39731927893 34411811854 9023850141 0.236573 0.013694 0.228103 3.001889 13.235312
32 2048 9398732012 245230540 105150999 39766491936 34447965794 9123704044 0.236551 0.011196 0.229361 3.001403 13.249218
32 4096 75177018445 2057717604 1381901272 347423767773 300943089656 71979637979 0.215596 0.017665 0.207224 3.001448 115.747342
32 4096 75176996341 2068794595 1351576747 346302801028 299998790008 71979518790 0.216262 0.017321 0.207423 3.001204 115.384150
32 4096 75183113991 1927707748 1051372422 329477194532 285363588796 71896551798 0.227145 0.012961 0.218790 3.001759 109.755226
