2 6 23399036509 4770502 133580 9570119267 7731933443 11699536199 2.445010 0.000006 1.222548 3.218123 2.973821
2 6 23399036895 4817776 141471 9569422208 7754369792 11699536479 2.445188 0.000006 1.222633 3.208578 2.982450
2 6 23399036606 4801505 140379 9572350877 7674334863 11699536360 2.444440 0.000006 1.222255 3.243032 2.951667
2 8 23298689908 7032555 141743 9340949529 7398090700 11649363008 2.494253 0.000006 1.247057 3.282802 2.845420
2 8 23298689916 7070502 143576 9337475662 7499257311 11649363033 2.495181 0.000006 1.247514 3.237312 2.884330
2 8 23298689557 7005214 138534 9339052482 7453450888 11649393679 2.494759 0.000006 1.247292 3.257758 2.866712
2 10 23356799470 12907905 130523 9360865984 7426293147 11678448561 2.495154 0.000006 1.247457 3.277308 2.856267
2 10 23356799489 12921356 131784 9361564343 7413817671 11678417607 2.494968 0.000006 1.247452 3.283068 2.851468
2 10 23356799603 13045746 133288 9363504943 7389687110 11678417904 2.494451 0.000006 1.247437 3.294471 2.842187
2 12 23362498228 17477093 127678 9460556679 7491304210 11681267207 2.469463 0.000005 1.234723 3.283467 2.881271
2 12 23362498487 17654282 132313 9462504663 7465498248 11681267360 2.468955 0.000006 1.234628 3.295495 2.871345
2 12 23362498126 17341682 126702 9460794834 7506985174 11681297891 2.469401 0.000005 1.234629 3.276690 2.887302
2 14 23408599658 23847964 124523 9579068962 7571441540 11704348629 2.443724 0.000005 1.221847 3.289411 2.912093
2 14 23408599893 23903555 128658 9578178155 7557525196 11704318047 2.443951 0.000005 1.222096 3.295161 2.906740
2 14 23408599734 23830380 125683 9573602396 7677546903 11704317958 2.445119 0.000005 1.222650 3.242099 2.952903
2 16 23197731428 26432020 144868 9504147061 7537728224 11598914518 2.440801 0.000006 1.220392 3.278280 2.899126
2 16 23197731441 27483636 145667 9518314559 7505725604 11598914552 2.437168 0.000006 1.218290 3.297165 2.886818
2 16 23197733478 26789041 144298 9510324486 7527247494 11598914509 2.439216 0.000006 1.219634 3.284978 2.895095
2 18 23219204754 29325936 139615 9661753551 7668227073 11609651218 2.403208 0.000006 1.201266 3.275928 2.949318
2 18 23219204254 27565174 119942 9641341094 7682119900 11609620278 2.408296 0.000005 1.203956 3.263095 2.954661
2 18 23219204968 31738978 140852 9683856704 7652631142 11609620515 2.397723 0.000006 1.198776 3.290114 2.943320
2 20 23438926860 32771266 139327 9913400298 7821542833 11719481241 2.364368 0.000006 1.182215 3.295365 3.008286
2 20 23438927022 33056820 141565 9907346492 7838887238 11719481646 2.365813 0.000006 1.183293 3.286066 3.014957
2 20 23438926770 32633307 138198 9910250628 7836988224 11719481309 2.365120 0.000006 1.182975 3.287826 3.014226
2 22 23333492770 32551714 134254 9981993763 7975510114 11666764226 2.337559 0.000006 1.169285 3.254110 3.067504
2 22 23333492807 35941343 135251 10006641440 7976711769 11666764122 2.331801 0.000006 1.165998 3.261653 3.067966
2 22 23333492983 37692768 138280 10038224925 7977043282 11666764395 2.324464 0.000006 1.162507 3.271812 3.068094
2 32 23147253227 99892014 137477 10524237231 8343775076 11573644665 2.199774 0.000006 1.113765 3.279450 3.209144
2 32 23147252846 81576597 131353 10391767621 8196797011 11573675320 2.227461 0.000006 1.113103 3.296238 3.152614
2 32 23147252899 90092724 132558 10424005202 8369900227 11573675108 2.220643 0.000006 1.104061 3.238079 3.219192
2 40 23397913102 462502943 256116 11506758157 9178904982 11698974253 2.033431 0.000011 1.020272 3.259383 3.530348
2 40 23397913137 498215500 262607 11668962067 9215083319 11698974303 2.005154 0.000011 1.005147 3.292352 3.544263
2 40 23397913234 471560312 248339 11605103342 9167183376 11698974484 2.016224 0.000011 1.013105 3.291444 3.525840
2 64 23122013797 528753166 256532 11623578316 9317260862 11561025163 1.989257 0.000011 0.998015 3.243582 3.583562
2 64 23122012438 530045558 232540 11504170377 9105499676 11561024100 2.009902 0.000010 1.008195 3.284920 3.502115
2 64 23122013702 546068582 252107 11652440974 9196910853 11561024663 1.984320 0.000011 0.994737 3.294187 3.537273
2 80 23377406003 546341804 250051 11692919280 9331656139 11688720819 1.999294 0.000011 1.002374 3.257898 3.589099
2 80 23377406103 533119828 255891 11679107679 9271456025 11688721004 2.001667 0.000011 1.004274 3.275179 3.565945
2 80 23377405993 540808152 249385 11709523736 9244924143 11688720459 1.996452 0.000011 1.000250 3.293133 3.555740
2 128 23109393955 539765580 215285 11753673192 9272822728 11554714547 1.966159 0.000009 0.985944 3.295604 3.566470
2 128 23109393961 546931368 217564 11783205971 9315195097 11554714876 1.961234 0.000009 0.983679 3.288856 3.582767
2 128 23109394118 533552629 219177 11727639846 9250702981 11554715127 1.970531 0.000009 0.988751 3.296167 3.557963
4 6 11699525110 2428072 74582 4789551427 3895319246 8774649177 2.442718 0.000006 1.832037 3.196871 1.498200
4 6 11699525087 2493217 74668 4789188941 3894462773 8774649167 2.442903 0.000006 1.832187 3.197332 1.497870
4 6 11699525360 2398869 58797 4790448521 3896460048 8774649237 2.442261 0.000005 1.831691 3.196534 1.498638
4 8 11649352678 3496480 75101 4672430441 3804762689 8737020118 2.493211 0.000006 1.869985 3.192924 1.463370
4 8 11649351653 3534028 75263 4672780207 3813430829 8737019113 2.493024 0.000006 1.869851 3.185905 1.466704
4 8 11649353001 3498469 73964 4672042303 3799931024 8737034581 2.493418 0.000006 1.870123 3.196719 1.461512
4 10 11678405383 6491236 70260 4682580664 3839395521 8758809103 2.494011 0.000006 1.870739 3.170996 1.476691
4 10 11678405371 6544927 70419 4682129876 3807278436 8758809099 2.494251 0.000006 1.870837 3.197438 1.464338
4 10 11678406560 6523055 71729 4686215989 3812810150 8758810281 2.492076 0.000006 1.869194 3.195586 1.466465
4 12 11681256014 8907917 70160 4732526250 3849088841 8760961700 2.468292 0.000006 1.851271 3.196748 1.480419
4 12 11681256922 8798991 68645 4733266378 3849633677 8760948484 2.467906 0.000006 1.851049 3.196796 1.480628
4 12 11681255223 9111491 53870 4732752148 3852027822 8760946774 2.468174 0.000005 1.851246 3.194462 1.481549
4 14 11704305567 12329831 67803 4798204154 3903581974 8778234262 2.439310 0.000006 1.829709 3.195867 1.501378
4 14 11704305499 11851357 66708 4791844517 3922639974 8778234192 2.442547 0.000006 1.832088 3.176125 1.508708
4 14 11704305492 11796839 66718 4790842916 3896588436 8778233743 2.443058 0.000006 1.832449 3.196692 1.498688
4 16 11598872680 13531904 77657 4757018730 3907336966 8699174062 2.438266 0.000007 1.828859 3.165391 1.502822
4 16 11598872585 13513977 78473 4756944118 3887765544 8699159791 2.438303 0.000007 1.828916 3.181276 1.495294
4 16 11598871387 13470073 77395 4756721197 3909628781 8699158660 2.438418 0.000007 1.829226 3.163337 1.503703
4 18 11609608054 14893759 74143 4839277483 3939661557 8707210784 2.399038 0.000006 1.799470 3.193706 1.515254
4 18 11609608047 14093496 74379 4827183503 3940024816 8707211106 2.405049 0.000006 1.804204 3.185431 1.515394
4 18 11609608052 14147241 74231 4826815611 3948976733 8707211234 2.405232 0.000006 1.804186 3.177968 1.518837
4 20 11719468908 15480569 71527 4948152126 4024547585 8789606801 2.368454 0.000006 1.776560 3.196681 1.547903
4 20 11719468904 15466348 71754 4951789346 4026466015 8789622192 2.366715 0.000006 1.775293 3.197507 1.548641
4 20 11719470300 15355587 73112 4948978645 4061250524 8789608117 2.368058 0.000006 1.775988 3.168321 1.562019
4 22 11666752228 16650122 54066 4997686089 4072707964 8750069570 2.334432 0.000005 1.751271 3.190502 1.566426
4 22 11666751921 17226661 69946 5015367047 4088648538 8750069138 2.326202 0.000006 1.744809 3.189307 1.572557
4 22 11666751914 20396902 69934 5035056513 4094974260 8750069063 2.317107 0.000006 1.737888 3.196881 1.574990
4 32 11573631976 42996592 69631 5250083564 4268420000 8680229135 2.205418 0.000006 1.648570 3.197914 1.641700
4 32 11573631170 25130683 52783 5065133006 4119304351 8680228056 2.284964 0.000005 1.714419 3.196983 1.584348
4 32 11573632018 40450622 70520 5191039093 4227583022 8680228783 2.229548 0.000006 1.672974 3.192534 1.625993
4 40 11698962162 233316177 135272 5802555047 4737665218 8774226844 2.016208 0.000012 1.513355 3.184404 1.822179
4 40 11698962111 248440282 140079 5856883352 4762695489 8774226786 1.997532 0.000012 1.499359 3.197326 1.831806
4 40 11698961340 262919186 133331 5811578854 4726170338 8774226146 2.013077 0.000011 1.511212 3.197114 1.817758
4 64 11561012406 273153000 139298 5860835586 4789606887 8670764510 1.972637 0.000012 1.481507 3.181507 1.842156
4 64 11561012394 252139983 136708 5817872131 4732997379 8670764501 1.987215 0.000012 1.492052 3.195959 1.820384
4 64 11561012417 273909801 138115 5865755207 4819761531 8670764518 1.971002 0.000012 1.479110 3.164254 1.853754
4 80 11688708579 273857764 135680 5894019709 4825176154 8766536605 1.983196 0.000012 1.488672 3.175935 1.855837
4 80 11688708525 270136316 133826 5880000260 4782129573 8766536602 1.987923 0.000011 1.492605 3.196902 1.839281
4 80 11688708546 273370028 135741 5878082155 4801957979 8766536575 1.988553 0.000012 1.492835 3.182662 1.846907
4 128 11554702636 273230096 122565 5922036429 4839062247 8666032214 1.951178 0.000011 1.465417 3.181875 1.861178
4 128 11554702521 273096066 120902 5913811045 4830779863 8666032030 1.953891 0.000010 1.467438 3.182903 1.857992
4 128 11554702510 262477679 121528 5893183770 4796072489 8666032022 1.960715 0.000011 1.471957 3.194755 1.844643
6 6 7799686655 1662172 51798 3194189443 2681901486 6497212732 2.441836 0.000007 2.034920 3.096643 1.031501
6 6 7799686702 1679496 52268 3192140762 2678767429 6497212789 2.443403 0.000007 2.036195 3.098278 1.030295
6 6 7799686033 1556187 44844 3193104593 2680819388 6497212202 2.442665 0.000006 2.035631 3.096841 1.031084
6 8 7766237636 2387054 52043 3115362823 2615702812 6469349433 2.492883 0.000007 2.077460 3.096661 1.006040
6 8 7766237769 2370016 58270 3114824115 2615157835 6469349579 2.493315 0.000008 2.077824 3.096770 1.005830
6 8 7766237635 2356247 51713 3115380792 2615651575 6469349426 2.492868 0.000007 2.077432 3.096739 1.006020
6 10 7785607699 4354834 55758 3123332670 2624279198 6485484783 2.492725 0.000007 2.077410 3.094436 1.009338
6 10 7785607768 4370537 56862 3123742546 2626001551 6485484847 2.492400 0.000007 2.077095 3.092813 1.010001
6 10 7785607616 4360614 50406 3123119895 2623359578 6485484765 2.492897 0.000006 2.077481 3.095310 1.008984
6 12 7787507290 5936661 48852 3156605359 2652292955 6487067167 2.467054 0.000006 2.055991 3.094369 1.020113
6 12 7787507260 5891476 53860 3156161113 2649712468 6487067171 2.467401 0.000007 2.056252 3.096947 1.019120
6 12 7787510139 5937675 54566 3156314886 2653084785 6487070029 2.467280 0.000007 2.056119 3.093161 1.020417
6 14 7802874364 7970914 47950 3195868380 2683284296 6499868109 2.441551 0.000006 2.034704 3.096674 1.032032
6 14 7802873702 7880833 39666 3193945006 2684959346 6499867552 2.443022 0.000005 2.035937 3.092880 1.032677
6 14 7802874392 7938565 57874 3194849287 2681999502 6499868089 2.442330 0.000007 2.035313 3.097170 1.031538
6 16 7732584951 9219935 59452 3174603035 2664151884 6441316457 2.435767 0.000008 2.029884 3.098160 1.024674
6 16 7732584946 8933079 54291 3172655453 2663510642 6441316493 2.437260 0.000007 2.031075 3.097004 1.024427
6 16 7732584945 8936926 54685 3171226949 2662042335 6441316407 2.438361 0.000007 2.032051 3.097317 1.023862
6 18 7739742729 9103650 57286 3217039721 2700902888 6447278983 2.405862 0.000007 2.005007 3.096855 1.038809
6 18 7739742721 9959873 57247 3225740336 2707234023 6447278976 2.399370 0.000007 1.999552 3.097968 1.041244
6 18 7739742727 10409856 51928 3230667327 2713465243 6447278898 2.395713 0.000007 1.996642 3.095575 1.043640
6 20 7812983301 12197206 56563 3321863311 2788878482 6508288868 2.351995 0.000007 1.960074 3.096888 1.072646
6 20 7812983296 11127548 51076 3310376455 2780212812 6508288946 2.360160 0.000007 1.966897 3.095798 1.069313
6 20 7812983295 11589314 56212 3310636377 2779982235 6508288943 2.359965 0.000007 1.966574 3.096298 1.069224
6 22 7777837985 9475985 41967 3315157504 2783455848 6479012603 2.346148 0.000005 1.955179 3.096657 1.070560
6 22 7777838657 11049522 49574 3337797713 2802965607 6479013176 2.330229 0.000006 1.941732 3.096104 1.078064
6 22 7777838674 15003274 49723 3366001407 2825656747 6479013149 2.310708 0.000006 1.925711 3.097193 1.086791
6 32 7715758710 27792254 48696 3462983481 2907122127 6427300081 2.228067 0.000006 1.855544 3.097136 1.118124
6 32 7715758680 27778053 48998 3472971925 2916208841 6427299978 2.221661 0.000006 1.850403 3.096392 1.121619
6 32 7715758666 28543330 53687 3476507708 2917897237 6427289863 2.219473 0.000007 1.847805 3.097747 1.122268
6 40 7799312152 161512398 105518 3912184329 3283796468 6496890573 1.993647 0.000014 1.661898 3.097533 1.262999
6 40 7799312131 162145809 96382 3911911171 3284936243 6496900731 1.993777 0.000012 1.661665 3.096242 1.263437
6 40 7799312120 154874490 93745 3879014602 3276817240 6496900694 2.010672 0.000012 1.675919 3.077813 1.260314
6 64 7707345646 182340459 100623 3913266568 3291671682 6420291963 1.969590 0.000013 1.641647 3.090976 1.266028
6 64 7707345631 179184912 100626 3909702050 3282312618 6420291950 1.971394 0.000013 1.643324 3.096966 1.262428
6 64 7707345647 182414526 93363 3919684531 3289901411 6420291965 1.966360 0.000012 1.638893 3.097712 1.265347
6 80 7792476394 182335997 100061 3936575385 3304250369 6491196329 1.979552 0.000013 1.650014 3.097551 1.270866
6 80 7792476403 177770762 92801 3924244256 3295046421 6491206430 1.985755 0.000012 1.655277 3.096475 1.267326
6 80 7792476385 182492133 100946 3935052600 3301546651 6491206535 1.980340 0.000013 1.650512 3.098887 1.269826
6 128 7703139039 175967612 95647 3949521556 3324560421 6416787825 1.950428 0.000012 1.625849 3.088753 1.278677
6 128 7703139040 180013766 89355 3949473399 3316610903 6416787826 1.950452 0.000012 1.625522 3.096119 1.275620
6 128 7703139043 182402283 89651 3952446617 3333452451 6416787833 1.948982 0.000012 1.624327 3.082797 1.282097
8 6 5849768459 1311537 49825 2392856366 2073755333 5118556749 2.444680 0.000009 2.139165 3.000077 0.797598
8 6 5849768461 1285044 45641 2392837950 2074669590 5118556670 2.444699 0.000008 2.139056 2.998733 0.797950
8 6 5849768466 1311991 41390 2392519536 2073670462 5118556750 2.445024 0.000007 2.139346 2.999778 0.797566
8 8 5824681687 1817721 41363 2333885241 2022782563 5096605806 2.495702 0.000007 2.183660 2.999878 0.777993
8 8 5824682204 1798558 45917 2333744578 2022883297 5096606316 2.495853 0.000008 2.183839 2.999548 0.778032
8 8 5824682204 1820798 42166 2333633891 2022738883 5096606310 2.495971 0.000007 2.184027 2.999620 0.777976
8 10 5839209661 3271129 44043 2339878299 2027802468 5109317866 2.495519 0.000008 2.183453 3.000136 0.779924
8 10 5839210194 3321145 41011 2340474129 2028485667 5109318385 2.494884 0.000007 2.182897 2.999890 0.780187
8 10 5839208649 3298557 39714 2339912943 2028036403 5109316831 2.495481 0.000007 2.183425 2.999835 0.780014
8 12 5840632758 4444541 28698 2363463643 2048518686 5110562938 2.471218 0.000005 2.162353 2.999731 0.787892
8 12 5840634358 4433828 42278 2363927756 2048837404 5110564470 2.470733 0.000007 2.161837 2.999854 0.788014
8 12 5840633330 4411801 39130 2364248805 2048910240 5110563425 2.470397 0.000007 2.161591 3.000154 0.788042
8 14 5852158738 5923213 42000 2393546444 2074433214 5120648174 2.444974 0.000007 2.139221 2.999962 0.797859
8 14 5852159254 5934565 43065 2393084670 2074031787 5120648674 2.445446 0.000007 2.139591 2.999964 0.797705
8 14 5852159743 5940298 42332 2393416657 2074231220 5120649186 2.445107 0.000007 2.139340 3.000091 0.797781
8 16 5799442175 6652836 47532 2375322129 2058663119 5074521250 2.441540 0.000008 2.136120 2.999926 0.791794
8 16 5799441660 6708406 47404 2376498690 2059557526 5074520735 2.440331 0.000008 2.135257 3.000109 0.792138
8 16 5799442176 6647074 46685 2376057904 2059373043 5074521244 2.440784 0.000008 2.135559 2.999821 0.792067
8 18 5804810524 6741431 42076 2407562895 2086645018 5079218525 2.411074 0.000007 2.109492 2.999870 0.802556
8 18 5804809988 6727962 53328 2408060189 2086912018 5079210365 2.410576 0.000009 2.109147 3.000106 0.802658
8 18 5804811031 6991315 46049 2411292019 2089779305 5079219064 2.407345 0.000008 2.106329 3.000010 0.803761
8 20 5859740409 7854167 44707 2477006472 2146805521 5127282120 2.365657 0.000008 2.069429 2.999907 0.825694
8 20 5859741002 8631285 37407 2481586734 2150880787 5127282781 2.361291 0.000006 2.065834 2.999760 0.827262
8 20 5859740427 7424556 41073 2471466683 2142102573 5127282126 2.370957 0.000007 2.074391 2.999769 0.823886
8 22 5833381935 10184153 40635 2508946073 2174502700 5104218456 2.325035 0.000007 2.034230 2.999886 0.836347
8 22 5833381931 8800257 40423 2503928039 2170305429 5104218460 2.329693 0.000007 2.038557 2.999676 0.834733
8 22 5833382449 10208580 43226 2515104393 2180187516 5104219135 2.319343 0.000007 2.029333 2.999408 0.838534
8 32 5786821945 20057286 45250 2600543296 2253102540 5063478466 2.225377 0.000008 1.944913 3.000920 0.866578
8 32 5786821367 19303345 29556 2576861423 2233303078 5063477971 2.245697 0.000005 1.964078 2.999969 0.858963
8 32 5786822459 19476440 44024 2597404359 2249905882 5063478995 2.228111 0.000008 1.947485 3.001550 0.865348
8 40 5849487549 123173316 82792 2929018657 2537938048 5118310440 1.997143 0.000014 1.745392 3.000641 0.976130
8 40 5849487037 122854986 75937 2932677624 2541165701 5118310440 1.994645 0.000013 1.743072 3.000574 0.977371
8 40 5849487037 124055854 81078 2941830274 2548662772 5118302785 1.988458 0.000014 1.737663 3.001082 0.980255
8 64 5780512685 136796693 88592 2938518581 2546081453 5057950288 1.967198 0.000015 1.719463 3.000745 0.979262
8 64 5780511591 135359234 73087 2923092536 2532921485 5057956918 1.977587 0.000013 1.728359 3.000502 0.974201
8 64 5780512167 135376977 79563 2933299329 2541597773 5057957421 1.970704 0.000014 1.722027 3.000700 0.977538
8 80 5844381161 130468108 78928 2939414055 2546859877 5113837759 1.988330 0.000014 1.737989 3.000742 0.979561
8 80 5844360232 136796892 73187 2947321045 2553919221 5113824481 1.982988 0.000013 1.733013 3.000498 0.982277
8 80 5844360231 134948621 87788 2948787948 2554764520 5113824486 1.982010 0.000015 1.732113 3.000996 0.982602
8 128 5777357233 137191090 65118 2971585101 2574599127 5055540994 1.944248 0.000011 1.699741 3.000899 0.990230
8 128 5777357233 137338572 72995 2973278566 2576180451 5055196866 1.943143 0.000013 1.698148 3.000767 0.990839
8 128 5777357238 137295858 72089 2972087999 2575019567 5055189212 1.943927 0.000012 1.699301 3.000917 0.990392
10 6 4679834738 1097889 41974 1915242428 1620440762 4621641313 2.234897 0.007112 1885.474346 3.035575 0.623246
10 6 4679834706 1078189 45569 1914143180 1602423243 4679835794 -nan inf inf -nan -nan
10 6 4679835311 1116326 44331 1915546570 1619116844 4529117778 2.229515 0.008814 1458.814387 3.076869 0.622737
10 8 4659765699 1501665 47049 1867248526 1576846557 4659771881 2.253718 3.165196 13631.744944 3.069859 0.606479
10 8 4659765668 1528074 42497 1867619121 1541394821 4347658671 -nan inf inf -nan -nan
10 8 4659765625 1499538 46823 1867263405 1534093215 4659772077 -nan inf inf -nan -nan
10 10 4671370478 2724842 44543 1871975068 1543147923 4671376929 -nan inf inf -nan -nan
10 10 4671388167 2700508 42953 1872191754 1593120464 4468018049 2.495246 0.000010 2.717042 3.039460 0.612739
10 10 4671387245 2697223 42821 1872012154 1544996068 4671393696 -nan inf inf -nan -nan
10 12 4672526750 3579832 31296 1890788670 1558570283 4672533201 -nan inf inf -nan -nan
10 12 4672527801 3623081 46275 1891738845 1545418329 4672534252 -nan inf inf -nan -nan
10 12 4672526967 3597769 42517 1891053030 1559398872 4229917296 -nan inf inf -nan -nan
10 14 4681747326 4847036 44430 1914881023 1614978097 4380456847 -nan inf inf -nan -nan
10 14 4681748643 4844457 55343 1914628008 1603197564 4378777962 2.216854 0.025981 3853.788275 3.102754 0.616614
10 14 4681764043 4852623 39788 1915250023 1607246102 4380434512 2.240045 0.005245 2152.882854 2.972172 0.618172
10 16 4639573776 5393197 42100 1902312298 1572505883 4207239486 2.019980 0.045536 5469.195175 3.105769 0.604810
10 16 4639573738 5465545 46805 1902313398 1568191705 4639580189 -nan inf inf -nan -nan
10 16 4639573670 5470795 44485 1902739890 1596871044 4639580121 -nan inf inf -nan -nan
10 18 4643871159 5856488 44508 1930486809 1601312390 4643877610 -nan inf inf -nan -nan
10 18 4643869444 5496255 46611 1927744725 1597640478 4183824113 1.987387 0.052021 7439.361978 3.098793 0.614477
10 18 4643868710 5491896 40469 1926314821 1583102916 4643875161 -nan inf inf -nan -nan
10 20 4687812660 6226188 42646 1981151579 1652336153 4687819111 -nan inf inf -nan -nan
10 20 4687813155 6070222 55180 1978383707 1647430616 4248163131 -nan inf inf -nan -nan
10 20 4687794690 6725333 39810 1985334492 1691783298 4308058562 2.361292 0.000008 2.231198 3.047179 0.650686
10 22 4666725879 5947439 45124 1993946625 1636441123 4666729196 -nan inf inf -nan -nan
10 22 4666727665 7547825 47678 2008592204 1678758866 4666734116 -nan inf inf -nan -nan
10 22 4666725610 5832022 37279 1990136333 1639988311 4666732061 -nan inf inf -nan -nan
10 32 4629477924 14230954 45171 2069296036 1711281348 3964223467 1.860067 0.173210 1411.506859 3.103835 0.658185
10 32 4629475290 13223085 43837 2074955503 1757055710 4629466348 2.042989 0.037978 1113.566211 3.047354 0.675791
10 32 4629478270 15158175 51002 2070879790 1693080898 3863484656 -nan inf inf -nan -nan
10 40 4679610565 96608513 89053 2343440893 1937417625 4679616845 1.618954 3.284219 22868.374483 3.117008 0.745161
10 40 4679610400 93825373 81002 2326927873 1956834763 4572173658 -nan inf inf -nan -nan
10 40 4679611316 92399529 84663 2319916167 1908634673 4679617768 -nan inf inf -nan -nan
10 64 4624448237 107867188 90374 2344551864 1932838715 4624444143 1.812046 0.100254 1632.387627 3.109518 0.743400
10 64 4624430387 109488694 86484 2344108654 1990455857 4183519110 1.972456 0.000019 1.943283 3.055691 0.765560
10 64 4624425488 103387824 82072 2335122561 1949504700 4624431768 1.608303 3.551974 47251.598164 3.105285 0.749810
10 80 4675503585 109478123 78529 2366024321 1966096475 4675509763 1.453489 1.160048 33402.208514 2.988539 0.756191
10 80 4675503577 109441592 76887 2358768071 1952665166 4675506898 -nan inf inf -nan -nan
10 80 4675503168 109444398 79620 2354542385 1936014909 4205216119 -nan inf inf -nan -nan
10 128 4621899511 109432547 74711 2367640691 2028852350 4268895908 1.952473 0.000016 1.876144 3.030630 0.780328
10 128 4621900802 105184059 81313 2367956352 1979744873 4621904123 1.617176 0.203144 5503.520609 3.075324 0.761440
10 128 4621900705 109451180 82748 2370271613 1953458746 4621907157 -nan inf inf -nan -nan
12 6 3899859868 888087 37469 1596129357 1344453250 3899865244 -nan inf inf -nan -nan
12 6 3899864323 870479 37376 1595314540 1350005479 3899867090 2.259256 0.137886 2311.407361 3.057388 0.519233
12 6 3899864247 897707 38927 1595712880 1336676893 3899868509 2.086854 0.241926 8121.592329 2.786064 0.514106
12 8 3883135326 1238378 37789 1556989486 1325583337 3863317879 2.320334 0.003994 1514.982797 2.914472 0.509840
12 8 3883135311 1254626 38922 1556718237 1295820766 3883140687 -nan inf inf -nan -nan
12 8 3883139779 1289860 40253 1556525301 1338119531 3607306219 2.326994 0.005592 1393.050233 3.011111 0.514661
12 10 3892824537 2216238 30816 1558746496 1342088813 3892829685 2.295337 1.359835 8686.136539 3.008723 0.516188
12 10 3892820262 2268996 39288 1560639070 1315254867 3868728697 2.318904 0.005838 1438.979321 2.946048 0.505867
12 10 3892820243 2269369 35662 1561708826 1301183814 3892825619 -nan inf inf -nan -nan
12 12 3893774888 3052762 37266 1577773384 1332418734 3880713807 2.467360 0.000040 7.476140 3.074216 0.512469
12 12 3893774512 3026493 39502 1577222775 1342646757 3893771843 2.106819 0.095683 2698.765294 2.830444 0.516403
12 12 3893770284 3040435 32396 1577611002 1320810332 3893775517 2.083841 2.218035 13572.134101 3.074063 0.508004
12 14 3901453714 4067181 40091 1597884283 1342332216 3842004916 2.278794 0.005137 2218.819103 2.846499 0.516282
12 14 3901444144 4038685 35776 1597434861 1333577424 3557464257 -nan inf -nan -nan -nan
12 14 3901458112 4040809 35070 1597202142 1349959637 3866036200 2.276941 0.003931 1396.885298 2.952089 0.519215
12 16 3866298318 4547509 41596 1585843914 1319508662 3866303694 -nan inf inf -nan -nan
12 16 3866309011 4583206 40148 1586944491 1338342288 3678949859 2.436584 0.000011 2.518397 3.062531 0.514747
12 16 3866298343 4761838 39590 1589000491 1350522064 3866303719 -nan inf inf -nan -nan
12 18 3869892286 4757951 42003 1609904719 1354354692 3809507301 2.236875 0.005891 1167.720228 2.993684 0.520906
12 18 3869877022 5020964 30893 1610984213 1372496692 3575101999 2.402247 0.000008 2.281138 3.052744 0.527883
12 18 3869887892 5254064 41873 1612267841 1376863100 3869893268 -nan inf inf -nan -nan
12 20 3906497461 5525569 42604 1654571337 1384075151 3578418697 2.361108 0.000011 2.325596 3.094456 0.532337
12 20 3906512590 5281845 40670 1654349112 1384055090 3892127217 2.204529 0.003024 1510.640112 3.005751 0.532329
12 20 3906512594 6226138 43865 1658950476 1397305962 3906517970 -nan inf inf -nan -nan
12 22 3888936526 5577226 38663 1669805757 1407264269 3888938983 1.998345 0.158804 4321.067906 3.055021 0.541255
12 22 3888935870 6647404 39543 1675002525 1403693993 3888941246 -nan inf inf -nan -nan
12 22 3888940295 5727478 37794 1670162935 1406128834 3833484920 2.184057 0.002890 1689.589317 2.988934 0.540819
12 32 3857900257 15358439 39671 1750746515 1458027248 3857901185 2.064347 0.091608 3137.338245 3.094778 0.560780
12 32 3857885150 12938609 41084 1730385099 1437017222 3857890526 -nan inf inf -nan -nan
12 32 3857895855 13091001 40373 1739578220 1481584032 3857901231 -nan inf inf -nan -nan
12 40 3899672797 79023263 73204 1952635400 1636443458 3843435937 1.860047 0.006703 1291.161642 3.004439 0.629401
12 40 3899672568 80122624 79335 1953436689 1650049760 3514796399 -nan inf inf -nan -nan
12 40 3899677019 77297389 68339 1937230878 1630224065 3851798930 1.883227 0.004375 1702.851406 2.983674 0.627009
12 64 3853693768 87810879 69747 1956292942 1643688704 3824532419 1.826205 0.024782 3776.220488 2.969987 0.632188
12 64 3853693745 90863938 74185 1962374691 1671251686 3795934172 -nan inf inf -nan -nan
12 64 3853693767 87293705 71500 1954898392 1638984630 3789627088 -nan inf inf -nan -nan
12 80 3896255307 87036905 70430 1964340075 1659562101 3842562651 1.859255 0.007378 2453.835282 2.979767 0.638293
12 80 3896254590 90025864 64225 1959943920 1640181018 3701331781 1.851463 0.010877 1329.509956 3.089220 0.630839
12 80 3896254705 88900987 75758 1963553140 1632500638 3895829724 -nan inf inf -nan -nan
12 128 3851586082 91265572 69581 1976126664 1683495673 3851579716 1.816471 0.042823 846.529132 3.004956 0.647498
12 128 3851575405 91228605 70519 1979061657 1665422044 3630091674 1.946768 0.000018 1.895250 3.085889 0.640547
12 128 3851590475 91217274 75024 1981302730 1674183617 3851595851 -nan inf inf -nan -nan
14 6 3342738790 792553 33779 1367566934 1167885470 3342734266 2.299406 0.032106 787.091002 3.034043 0.449187
14 6 3342729632 796465 35649 1367409937 1178526822 3102347891 -nan inf inf -nan -nan
14 6 3342741611 783602 37672 1367715445 1187245101 3219245455 2.443993 0.000012 2.469722 2.976639 0.456633
14 8 3328394335 1095123 35935 1334226024 1144211705 3328398943 -nan inf inf -nan -nan
14 8 3328403783 1107812 36401 1333965253 1142973770 3328399259 2.339603 0.026216 599.269331 3.028754 0.439605
14 8 3328403527 1069119 34198 1334817108 1162652327 3137655435 2.493542 0.000010 2.362365 2.987479 0.447174
14 10 3336695753 1918336 32783 1337560148 1155417508 3336700361 -nan inf inf -nan -nan
14 10 3336704922 1923492 33746 1338227409 1173763631 3145613855 2.493386 0.000010 2.370068 2.967589 0.451448
14 10 3336695790 1919644 32951 1338266090 1161075269 3095572459 2.493283 0.000010 2.320846 3.000227 0.446567
14 12 3337509846 2602972 33910 1351808639 1164210151 3096327683 2.305531 0.151600 3798.763674 2.945303 0.447773
14 12 3337519259 2591936 35826 1351165331 1156697655 3337523867 -nan inf inf -nan -nan
14 12 3337509918 2562610 34782 1352382349 1161660843 3105128550 2.467896 0.000010 2.302152 3.027541 0.446793
14 14 3344096379 3458441 37267 1368393801 1182422538 3344100987 -nan inf inf -nan -nan
14 14 3344095963 3507070 32025 1369586308 1180660195 3102437861 2.441696 0.000010 2.286575 3.016503 0.454100
14 14 3344106283 3439869 31350 1368107038 1184335142 3223136612 2.444371 0.000010 2.536719 2.983063 0.455514
14 16 3313971739 4055960 39072 1361616182 1167187981 3313976347 -nan inf inf -nan -nan
14 16 3313980625 3851109 29385 1357830465 1166705348 3313975896 2.289552 0.028077 596.740043 3.019056 0.448733
14 16 3313971742 3842923 39529 1358355839 1162947193 3313976350 -nan inf inf -nan -nan
14 18 3317048502 3916648 38908 1377466765 1192805103 3313292982 2.407900 0.000078 13.064442 2.876032 0.458771
14 18 3317049187 3880844 36823 1376843532 1193771556 3317044642 2.266717 0.030381 775.231642 2.957611 0.459143
14 18 3317048487 4147883 37539 1379716727 1190718978 3193872401 2.404170 0.000012 2.443889 2.993128 0.457969
14 20 3348428242 4596785 35292 1417408228 1227619875 3145691887 2.362409 0.000011 2.226488 3.003211 0.472161
14 20 3348428206 4392450 33151 1415613710 1219557318 3348432814 -nan inf inf -nan -nan
14 20 3348436929 4142083 26091 1410317926 1239247361 3227754938 2.374440 0.000008 2.409481 2.943737 0.476634
14 22 3333366189 5215108 34662 1434835105 1226826266 3098009519 -nan inf inf -nan -nan
14 22 3333375934 4216621 37127 1423965875 1220428664 3092493224 -nan inf inf -nan -nan
14 22 3333375330 4704269 35104 1430890001 1226434019 3333370806 2.191935 0.027020 760.994329 3.026377 0.471705
14 32 3306769661 11370139 36224 1483854741 1307467565 3183966544 2.228881 0.000011 2.250374 2.938587 0.502872
14 32 3306769675 11549891 34486 1484499790 1288135852 3172023872 2.228238 0.000011 2.195885 2.997229 0.495437
14 32 3306760515 11289939 37213 1490411762 1272517333 3306765123 -nan inf inf -nan -nan
14 40 3342569182 67985367 60952 1670078335 1435380941 3142571040 2.001670 0.000018 1.888857 3.025958 0.552070
14 40 3342569176 65857830 56873 1660559591 1423149679 3160944014 2.013238 0.000017 1.918617 3.033744 0.547365
14 40 3342578909 66367225 60732 1670154882 1438827677 3342583517 -nan inf inf -nan -nan
14 64 3303164096 70533343 59251 1669192012 1447354663 3134907000 1.979312 0.000018 1.916565 3.000197 0.556675
14 64 3303164028 76865306 62638 1681496797 1438765346 3303168636 -nan inf inf -nan -nan
14 64 3303164264 76373247 67000 1680966893 1444149144 3172153435 1.964155 0.000020 1.975309 3.015050 0.555442
14 80 3339648720 76900691 60062 1685400097 1477611653 3098312651 1.981633 0.000018 1.844750 2.968567 0.568312
14 80 3339648627 77198155 64240 1687322719 1451021586 3322827151 1.980466 0.000035 3.803524 2.916568 0.558085
14 80 3339647437 76276850 68475 1685427814 1467430849 3339645149 1.868578 0.041886 1025.153067 2.982816 0.564396
14 128 3301361199 78382399 57592 1699426846 1453099999 3301356668 1.835985 0.034329 844.053780 2.990131 0.558885
14 128 3301361204 76335385 61895 1695451054 1447935983 3301356681 1.833666 0.033817 687.507085 3.036686 0.556898
14 128 3301352044 78155447 56882 1696996850 1460035928 3167923391 1.946499 0.000018 1.942116 3.011708 0.561552
16 6 2924891416 706173 33243 1196866547 1050625959 2742089152 2.443791 0.000011 2.290997 2.962417 0.404087
16 6 2924889742 631569 18975 1196316722 1037963397 2742088549 2.444913 0.000006 2.292035 2.996663 0.399217
16 6 2924890529 680805 29726 1196699058 1052139781 2742089296 2.444133 0.000010 2.291384 2.957840 0.404669
16 8 2912347397 925068 27243 1167372513 1018100484 2730330127 2.494789 0.000009 2.338783 2.981330 0.391577
16 8 2912347401 928020 32038 1167319163 1022076696 2730330134 2.494903 0.000011 2.338933 2.969792 0.393106
16 8 2912346877 938619 30280 1167738454 1019906402 2730329607 2.494008 0.000010 2.338043 2.977026 0.392272
16 10 2919610843 1679038 30198 1170551054 1014936827 2737139601 2.494217 0.000010 2.338279 2.998672 0.390360
16 10 2919610857 1679540 28282 1170538417 1026236253 2737139605 2.494248 0.000010 2.338272 2.966000 0.394706
16 10 2919611110 1660794 30224 1170520330 1023365565 2737139858 2.494286 0.000010 2.338284 2.974104 0.393602
16 12 2920363971 2278005 27841 1183060467 1027327444 2748010237 2.468469 0.000010 2.323647 2.994140 0.395126
16 12 2920323237 2323314 31264 1183265932 1031971659 2737807461 2.468020 0.000011 2.313697 2.981304 0.396912
16 12 2920323227 2255267 26463 1182907117 1028878165 2737807453 2.468769 0.000009 2.314445 2.989275 0.395722
16 14 2926085905 3006510 32063 1198009659 1043969878 2750131804 2.442449 0.000011 2.295880 2.983836 0.401527
16 14 2926085394 3048487 32870 1198625440 1042174844 2743209458 2.441202 0.000011 2.288498 2.990342 0.400836
16 14 2926086198 3078728 28549 1199158705 1040824614 2743210254 2.440117 0.000010 2.287470 2.995529 0.400317
16 16 2899727897 3500707 29906 1190638321 1038686272 2718499361 2.435441 0.000010 2.283056 2.980489 0.399495
16 16 2899727391 3375571 29809 1188742144 1046657729 2718498863 2.439325 0.000010 2.286755 2.953685 0.402561
16 16 2899727387 3310435 30097 1188419138 1047020830 2718498851 2.439988 0.000010 2.287373 2.951927 0.402700
16 18 2902411032 3360050 25564 1203158520 1068129926 2721014774 2.412327 0.000009 2.261496 2.930337 0.410819
16 18 2902411559 3368042 30505 1204577805 1064095527 2721015262 2.409486 0.000011 2.258694 2.944326 0.409268
16 18 2902412078 3478773 31761 1205921807 1048144439 2728701997 2.406782 0.000011 2.263094 2.991523 0.403132
16 20 2929877771 3977328 32326 1239917324 1090877680 2746764899 2.362963 0.000011 2.215132 2.955890 0.419568
16 20 2929876220 3729339 28953 1237258156 1078135230 2746763424 2.368042 0.000010 2.219945 2.983828 0.414667
16 20 2929876222 4055672 34988 1240100367 1086077187 2746763353 2.362617 0.000012 2.216235 2.968865 0.417722
16 22 2916697280 4048361 30751 1250410885 1091121253 2734408119 2.332594 0.000011 2.186577 2.979657 0.419662
16 22 2916697255 3980555 30107 1249790735 1098318848 2734408091 2.333750 0.000010 2.187627 2.959157 0.422430
16 22 2916697260 4136883 28016 1251014438 1093864739 2734408100 2.331469 0.000010 2.185511 2.973778 0.420717
16 32 2893416997 10090638 28269 1301151051 1138594427 2712582828 2.224010 0.000010 2.088350 2.971718 0.437921
16 32 2893417257 8929518 33024 1293560888 1127549902 2720868234 2.236987 0.000011 2.103265 2.983048 0.433673
16 32 2893416995 9470529 33199 1293340392 1121892495 2714675793 2.237420 0.000011 2.098157 2.997360 0.431497
16 40 2924749559 61348969 52869 1469615493 1281643886 2743130176 1.990184 0.000018 1.865564 2.981531 0.492940
16 40 2924749814 56890305 53531 1457436004 1285205215 2741957370 2.006847 0.000018 1.880351 2.949352 0.494310
16 40 2924749557 57956020 50706 1459715134 1266771860 2745227705 2.003689 0.000017 1.879797 2.996020 0.487220
16 64 2890262120 66922725 58358 1468686405 1284176044 2709625132 1.967955 0.000020 1.843952 2.973795 0.493914
16 64 2890262113 65338251 51777 1464935134 1280030945 2709625130 1.973022 0.000018 1.848429 2.975709 0.492320
16 64 2890262114 63527835 53948 1461337974 1283185899 2709625126 1.977867 0.000019 1.853132 2.961524 0.493533
16 80 2922186149 67249713 50519 1476360497 1285405233 2739553910 1.979363 0.000017 1.854414 2.986323 0.494387
16 80 2922186405 66757332 61932 1474307704 1292260146 2739554171 1.982137 0.000021 1.857087 2.966699 0.497023
16 80 2922186407 67411582 58703 1478444987 1297348963 2739554175 1.976582 0.000020 1.852134 2.963394 0.498980
16 128 2888684631 67603324 51837 1483798116 1294140497 2708146245 1.946865 0.000018 1.824170 2.981142 0.497746
16 128 2888684628 67882300 48082 1487327133 1323155652 2708146236 1.942254 0.000017 1.819768 2.924637 0.508906
16 128 2888684628 68695147 53150 1489338476 1293582195 2708146235 1.939622 0.000018 1.817167 2.993474 0.497532
18 6 2599903765 631527 21747 1145825430 1018045855 2545917422 2.257798 0.000009 2.280162 2.923960 0.391556
18 6 2599903958 701757 27162 1169090590 1005769337 2507381323 2.243188 0.000011 2.224271 3.019189 0.386834
18 6 2599904524 679707 29165 1121725871 976894663 2494629128 2.294933 0.000012 2.268843 2.982744 0.375729
18 8 2588754334 933092 30910 1096752309 945838642 2538942290 2.311963 0.000014 2.426901 3.013265 0.363784
18 8 2588754068 981408 30176 1120314034 964212873 2515235950 2.297507 0.000012 2.335687 3.019695 0.370851
18 8 2588753797 1002041 28879 1144282025 984505631 2457728561 2.280762 0.000012 2.225277 3.019089 0.378656
18 10 2595210712 1548548 30478 1101561889 947139632 2552328759 2.309655 0.000013 2.429463 3.021791 0.364284
18 10 2595211122 1535877 27856 1091893127 938738769 2525502680 2.321559 0.000012 2.574083 3.021792 0.361053
18 10 2595210541 1544778 24384 1100089921 946293749 2553175863 2.322785 0.000011 2.372928 3.021086 0.363959
18 12 2595843671 2016334 31216 1112545708 957605874 2551990804 2.286750 0.000013 2.377613 3.018939 0.368310
18 12 2595851243 2024388 26448 1112747003 957943930 2496843896 2.305356 0.000011 2.340548 3.018782 0.368440
18 12 2595849074 2035014 34400 1112684339 956921688 2533076106 2.287372 0.000017 2.585041 3.020192 0.368047
18 14 2600966321 2602970 27623 1127156576 975589100 2551134531 2.270019 0.000012 2.332541 3.002238 0.375227
18 14 2600973670 2641132 30793 1117386579 962161467 2535129150 2.308046 0.000012 2.271197 3.020777 0.370062
18 14 2600974170 2610815 33919 1127557352 969868264 2527297599 2.306398 0.000013 2.264613 3.021272 0.373026
18 16 2577536266 3353598 33623 1124651739 967391679 2532489809 2.245353 0.000015 2.328571 3.020885 0.372074
18 16 2577536738 3038653 22239 1119889448 964543517 2535693362 2.254471 0.000010 2.361575 3.015562 0.370978
18 16 2577543864 2917635 31154 1114433891 958794656 2528522354 2.279218 0.000013 2.280682 3.020325 0.368767
18 18 2579922678 3186945 30183 1136884488 977605403 2499622179 2.247513 0.000012 2.265655 3.021560 0.376002
18 18 2579922665 3084884 28257 1135819424 977675600 2536637523 2.225456 0.000012 2.322922 3.018504 0.376029
18 18 2579922249 3010752 31655 1147495788 988704935 2478690200 2.220358 0.000013 2.279353 3.017839 0.380271
18 20 2604335718 4049265 31638 1172585618 1009710069 2548112937 2.190603 0.000013 2.240605 3.017563 0.388350
18 20 2604336146 3422914 34212 1165760095 1003354557 2553608240 2.183831 0.000016 2.280390 3.018891 0.385906
18 20 2604335719 3935064 30858 1169328457 1012930939 2547752340 2.203276 0.000013 2.243620 2.997766 0.389589
18 22 2592628190 3441581 31629 1172494238 1012125951 2547050455 2.185294 0.000015 2.224128 3.008925 0.389279
18 22 2592620867 3692203 31760 1172744755 1009563686 2535112293 2.164700 0.000016 2.326719 3.017552 0.388294
18 22 2592620860 4195201 32842 1179788291 1015503516 2469811468 2.171056 0.000013 2.198007 3.018973 0.390578
18 32 2571927719 9804302 31382 1244632420 1072103099 2517216434 2.047090 0.000014 2.095746 3.016659 0.412347
18 32 2571934619 9553149 27892 1224660032 1065167768 2527537614 2.056615 0.000013 2.135876 2.986867 0.409680
18 32 2571933401 10095456 30585 1291056664 1110481286 2485912055 2.023989 0.000012 1.997721 3.019202 0.427108
18 40 2599778662 52464835 47797 1367954924 1188984537 2539836860 1.878266 0.000019 1.906345 2.989292 0.457302
18 40 2599778239 54800028 45758 1443676577 1240580261 2511045025 1.823213 0.000017 1.806801 3.023756 0.477146
18 40 2599778708 54221074 53598 1377015152 1186565167 2464366653 1.855473 0.000022 1.900832 3.016710 0.456371
18 64 2569123397 58356198 50055 1374056495 1185022602 2458922809 1.844985 0.000020 1.864167 3.014724 0.455778
18 64 2569123178 60696112 50400 1376540691 1185972842 2533432885 1.823333 0.000021 1.913123 3.016148 0.456143
18 64 2569123161 60480095 54016 1383381987 1191553221 2511029073 1.818449 0.000023 1.948881 3.016309 0.458290
18 80 2597507205 59909973 52663 1404283264 1209792924 2533449764 1.827643 0.000021 1.855803 3.016452 0.465305
18 80 2597500111 60565896 57203 1379742395 1190260930 2561153450 1.838284 0.000024 1.919373 3.013679 0.457793
18 80 2597500097 59596557 54224 1383144068 1200869480 2496297178 1.860127 0.000022 1.869599 2.992430 0.461873
18 128 2567720959 60892663 47293 1394810184 1201032009 2522650809 1.802295 0.000020 1.866331 3.017482 0.461935
18 128 2567720943 58305429 52264 1387619504 1194617125 2530990906 1.810825 0.000024 1.887333 3.017804 0.459468
18 128 2567727273 60616806 47649 1391481969 1200237311 2535339632 1.825462 0.000020 1.919954 3.012846 0.461630
20 6 2339914336 660116 29458 1054677456 908594688 2294933702 2.150662 0.000015 2.261686 3.015317 0.349459
20 6 2339915902 659429 24949 1059585434 910406441 2281075910 2.154404 0.000012 2.160388 3.024009 0.350156
20 6 2339914380 655543 31417 1047463998 903262895 2279903809 2.155520 0.000015 2.258759 3.013479 0.347409
20 8 2329880057 903545 27782 1023343487 880729623 2249500410 2.181856 0.000014 2.263945 3.018753 0.338742
20 8 2329886548 1004904 20451 1129598236 974535615 2253174144 2.103846 0.000009 2.072481 3.012341 0.374821
20 8 2329884464 912614 28339 1031230905 886356473 2271817355 2.215502 0.000013 2.194202 3.023881 0.340906
20 10 2335690613 1469899 26930 1030855395 886448616 2280991303 2.187087 0.000014 2.270800 3.021255 0.340942
20 10 2335690792 1460465 30650 1031228793 888515490 2274883160 2.201049 0.000014 2.273087 3.015199 0.341737
20 10 2335690618 1425343 27163 1032113738 891501833 2302244049 2.166478 0.000014 2.323338 3.008940 0.342885
20 12 2336265556 1829531 27386 1055357630 909446168 2277267319 2.160437 0.000012 2.212438 3.017221 0.349787
20 12 2336260500 1838528 26922 1036611943 891000892 2314712848 2.150551 0.000015 2.352206 3.021794 0.342693
20 12 2336260507 1823804 30126 1049550597 902454368 2278989301 2.181598 0.000014 2.287043 3.021864 0.347098
20 14 2340870441 2300484 18841 1056191942 908923211 2267490911 2.171805 0.000008 2.154403 3.019831 0.349586
20 14 2340879698 2337260 27891 1043508249 898724752 2305664356 2.145303 0.000014 2.273518 3.016885 0.345663
20 14 2340877070 2315968 29487 1060990976 914304686 2288001870 2.117540 0.000015 2.237213 3.015374 0.351656
20 16 2319783857 2514491 29322 1052791029 908182454 2245788883 2.156782 0.000014 2.123600 3.013548 0.349301
20 16 2319783864 2559589 29055 1056895287 909879157 2228925691 2.115921 0.000016 2.187516 3.018748 0.349954
20 16 2319790221 2829384 34099 1027812603 883185381 2271162125 2.131268 0.000020 2.438064 3.023998 0.339687
20 18 2321937311 2777138 28613 1054777161 909157347 2273897554 2.127998 0.000014 2.293559 3.014618 0.349676
20 18 2321931356 2723604 29410 1012242503 874589938 2297088939 2.192237 0.000016 2.811569 3.007204 0.336381
20 18 2321931671 2604293 19030 1096363315 944771166 2277700573 2.064719 0.000009 2.115924 3.015865 0.363374
20 20 2343912368 3181471 30146 1067644549 920991667 2258328850 2.093033 0.000016 2.173423 3.012576 0.354228
20 20 2343909534 3147135 29867 1065300459 917944002 2252537714 2.109043 0.000014 2.215348 3.016798 0.353055
20 20 2343904044 3317656 31740 1081309687 932257134 2281454473 2.093067 0.000016 2.177264 3.015710 0.358560
20 22 2333359935 3231605 26920 1101145686 947633817 2281486372 2.038760 0.000014 2.132588 3.018855 0.364475
20 22 2333366559 3676286 26646 1106068232 950933204 2295438787 2.022589 0.000014 2.120847 3.020947 0.365744
20 22 2333366333 3159189 32330 1120965168 966877882 2301123361 2.036399 0.000016 2.099045 3.013629 0.371876
20 32 2314735917 7668623 27753 1098760676 946548606 2299282343 1.966269 0.000020 2.433932 3.015994 0.364057
20 32 2314735699 8098137 30351 1179834596 1016635867 2279705465 1.923533 0.000016 2.032671 3.015296 0.391014
20 32 2314745005 7504139 28232 1129921025 971659487 2271503846 1.960232 0.000015 2.158581 3.022027 0.373715
20 40 2339802729 46579089 48171 1280389580 1104668618 2280356139 1.764127 0.000021 1.803268 3.011943 0.424873
20 40 2339802024 48753450 46132 1285265114 1107635937 2239299314 1.764880 0.000021 1.768535 3.015322 0.426014
20 40 2339811074 47488726 46216 1286444680 1109772011 2302063800 1.742043 0.000022 1.855949 3.012662 0.426835
20 64 2312218453 52240922 47674 1293261896 1114427775 2263606347 1.751049 0.000022 1.742720 3.015680 0.428626
20 64 2312212165 53865849 46713 1298970569 1117758764 2252131880 1.727646 0.000021 1.850474 3.020163 0.429907
20 64 2312221141 50850796 52259 1296790879 1118113458 2269924150 1.726373 0.000025 1.766785 3.017176 0.430044
20 80 2337752824 54464619 48061 1301169354 1120106782 2294737272 1.743796 0.000023 1.748546 3.017561 0.430810
20 80 2337751315 54814095 48179 1352315630 1164814059 2281037657 1.695480 0.000021 1.748856 3.016961 0.448005
20 80 2337752817 52344659 46110 1280412160 1101567435 2282634262 1.757312 0.000021 1.954724 3.019126 0.423680
20 128 2310954880 53943475 46055 1305186431 1126185433 2256790128 1.710229 0.000021 1.764055 3.011841 0.433148
20 128 2310950077 54823249 46104 1360389783 1174618719 2209399170 1.676320 0.000020 1.678724 3.009950 0.451776
20 128 2310955029 54809259 44289 1309480961 1128114793 2263150843 1.694075 0.000022 1.878474 3.015924 0.433890
22 6 2127195949 612132 29248 964177448 829678892 2075758070 2.130800 0.000016 2.206862 3.020358 0.319107
22 6 2127195633 583146 17501 1001375212 861191283 2059637935 2.069612 0.000009 2.039721 3.023138 0.331227
22 6 2127195986 622780 25572 994434966 857217043 2087510069 2.036866 0.000014 2.083402 3.015904 0.329699
22 8 2118073694 904647 28943 991885502 854036673 2058883688 2.087727 0.000015 2.065843 3.020116 0.328476
22 8 2118073500 921772 27181 986686722 852672091 2068620061 2.090820 0.000013 2.077692 3.008677 0.327951
22 8 2118073470 841433 24569 953559628 822850524 2043295611 2.112763 0.000013 2.180150 3.014604 0.316481
22 10 2123356238 1383310 27058 997179225 860404715 2090441062 2.047802 0.000015 2.053195 3.012332 0.330925
22 10 2123356375 1358340 28712 975790187 841164636 2034898585 2.103235 0.000014 2.190452 3.015903 0.323525
22 10 2123360770 1326661 27648 1000041982 861997355 2047121274 2.078036 0.000014 2.062327 3.016592 0.331537
22 12 2123875559 1677217 18585 996528429 859956404 2089643953 2.030358 0.000011 2.104834 3.012247 0.330752
22 12 2123874673 1688914 26113 998892082 861126646 2071215926 2.044181 0.000014 2.067848 3.015995 0.331203
22 12 2123874479 1666758 26426 984520898 848666486 2088362407 2.063950 0.000014 2.217328 3.017264 0.326410
22 14 2128071308 2042313 26735 1010577108 869074033 2092029386 2.033820 0.000014 2.111740 3.024474 0.334259
22 14 2128069932 2035522 25647 1037561939 895491418 2075834428 2.009753 0.000012 2.002474 3.012562 0.344420
22 14 2128065529 2064132 27477 1000732942 863720663 2062321510 2.049052 0.000014 2.060690 3.012077 0.332200
22 16 2108896235 2249869 31520 1000642803 862207741 2067370769 2.020129 0.000017 2.075475 3.018023 0.331618
22 16 2108895494 2262699 29313 984031046 848972564 2065529760 2.066375 0.000015 2.083498 3.012620 0.326528
22 16 2108901077 2239586 20785 990660621 854192836 2054060333 2.025351 0.000011 2.059398 3.016567 0.328536
22 18 2110853630 2288371 29533 1000937372 862606227 2085616469 1.986167 0.000019 2.146592 3.015017 0.331772
22 18 2110847606 2288032 26927 1009622136 870317452 2081408455 1.999582 0.000016 2.087719 3.018102 0.334737
22 18 2110847595 2366640 27403 982483605 846985919 2052171482 2.098751 0.000014 2.150608 3.015284 0.325764
22 20 2130826684 2527160 28111 1037803636 896171830 2093908441 1.966054 0.000014 2.008856 3.011476 0.344681
22 20 2130826899 3188206 27207 1107470463 954746444 2087720612 1.897492 0.000014 1.902313 3.016112 0.367210
22 20 2130822312 2505287 27473 1036282552 893859695 2082018916 1.983871 0.000014 2.035088 3.013966 0.343792
22 22 2121237430 3503119 27234 1030871302 890740035 2071138084 1.982498 0.000014 2.077524 3.009375 0.342592
22 22 2121236998 2772888 21201 1037593571 894581230 2086526587 1.954903 0.000013 2.011216 3.016362 0.344070
22 22 2121243614 3329960 25899 1021655601 881854673 2069587649 1.993606 0.000014 2.107147 3.013754 0.339175
22 32 2104310902 7726178 27147 1081153430 933197994 2032412367 1.886934 0.000014 1.857635 3.012445 0.358922
22 32 2104306516 7446616 27509 1080292024 933214750 2065453059 1.876593 0.000015 1.891765 3.011323 0.358929
22 32 2104306734 8165890 28910 1090595447 939999561 2057923196 1.859796 0.000015 1.934378 3.017151 0.361538
22 40 2127102107 41003136 42619 1265610592 1090790352 2081984772 1.653128 0.000021 1.645942 3.016739 0.419535
22 40 2127093830 40529213 42959 1206880034 1039742648 2078699202 1.685762 0.000022 1.770881 3.018152 0.399901
22 40 2127093836 41646210 44590 1223749813 1055244069 2049186580 1.697578 0.000021 1.686855 3.016542 0.405863
22 64 2102020137 49669892 40676 1227766523 1057677343 2068355519 1.652573 0.000019 1.697587 3.018949 0.406799
22 64 2102012128 48646055 44566 1362245155 1176046353 2029144912 1.556594 0.000022 1.527767 3.011726 0.452326
22 64 2102012059 48881561 44209 1231689187 1063499578 2027096320 1.656306 0.000021 1.678101 3.010888 0.409038
22 80 2125238045 49915568 45361 1355952099 1170288029 2044474273 1.578065 0.000021 1.541298 3.012449 0.450111
22 80 2125235360 48678362 43824 1225348157 1055662840 2090018421 1.668010 0.000022 1.710347 3.019395 0.406024
22 80 2125229518 49700917 45560 1233348352 1064479718 2054806439 1.651399 0.000022 1.669564 3.013251 0.409415
22 128 2100872476 49879867 48267 1279853571 1102771662 2061647641 1.599460 0.000024 1.586572 3.017668 0.424143
22 128 2100870617 49808806 43767 1231819577 1064693579 2046591249 1.617249 0.000022 1.697640 3.007296 0.409498
22 128 2100864823 49873397 45246 1288046351 1111629197 2036191911 1.599164 0.000022 1.630994 3.012274 0.427550
24 6 1949931760 526659 23783 863258424 745535516 1902729515 2.158336 0.000013 2.591389 3.010009 0.286744
24 6 1949939414 603078 25449 927911071 802798096 1912090975 2.012467 0.000015 2.153763 3.005561 0.308768
24 6 1949938216 602706 24173 949555700 821532034 1902620070 1.971343 0.000015 2.034398 3.003420 0.315974
24 8 1941568358 838580 22809 921803479 796980316 1902796601 2.009126 0.000014 2.073109 3.007085 0.306531
24 8 1941568355 857437 25691 925528399 799999152 1904722909 2.009753 0.000014 2.078118 3.009022 0.307692
24 8 1941569627 1022579 27097 1033250075 892548646 1875129469 1.889372 0.000014 1.854219 3.009718 0.343288
24 10 1946419670 1374180 24434 1052356276 908795818 1864688524 1.874745 0.000013 1.833504 3.010440 0.349537
24 10 1946418418 1279816 27372 940979382 812508829 1872496725 1.990577 0.000015 2.042846 3.011765 0.312503
24 10 1946410849 1276359 24455 941588434 813867438 1911513558 1.978955 0.000013 2.008337 3.008040 0.313026
24 12 1946886970 1650166 25842 955791436 825681382 1900817087 1.955896 0.000015 2.004212 3.009641 0.317570
24 12 1946894525 1538178 24394 952880917 822541386 1894801727 1.973639 0.000014 1.982095 3.012292 0.316362
24 12 1946893317 1536960 26383 923407500 797740672 1912214537 2.010617 0.000016 2.088763 3.011195 0.306823
24 14 1950735174 1787976 25457 1022875942 883485990 1890809984 1.878762 0.000014 1.869300 3.009829 0.339802
24 14 1950728381 1922360 22647 971982810 840215846 1886956223 1.930490 0.000013 1.950022 3.008377 0.323160
24 14 1950728750 1849286 25484 952717516 822794365 1913929566 1.972445 0.000015 1.977352 3.012068 0.316459
24 16 1933163966 2023626 25095 950569314 821932011 1884043296 1.970104 0.000014 2.035859 3.006017 0.316128
24 16 1933162807 2076585 31431 953741675 824508345 1894748266 1.955686 0.000018 1.983462 3.007794 0.317119
24 16 1933162791 2023804 24960 954513992 824887661 1894257278 1.952461 0.000015 2.046708 3.009497 0.317264
24 18 1934945898 2447436 24086 1026237767 887416765 1876427014 1.844526 0.000013 1.832368 3.007129 0.341314
24 18 1934945847 2230478 24805 958700864 827388006 1891701800 1.956989 0.000015 2.006050 3.013376 0.318226
24 18 1934953440 2258494 26016 967286905 836325391 1884511022 1.919594 0.000014 1.919354 3.007080 0.321664
24 20 1953263177 2555272 25556 1000880022 864352542 1909373023 1.871277 0.000015 1.911401 3.011041 0.332443
24 20 1953255361 2906395 27560 988002402 852947222 1919783866 1.896657 0.000015 2.124976 3.013997 0.328057
24 20 1953256221 2563503 29051 1000183673 864847295 1890426659 1.893039 0.000015 1.906418 3.007132 0.332634
24 22 1944469820 3215268 27429 984280192 850263405 1906231851 1.898113 0.000015 1.948705 3.011026 0.327024
24 22 1944476236 3670466 25338 1015356609 877677965 1884684670 1.855095 0.000014 1.844762 3.008134 0.337568
24 22 1944476252 3601832 28867 1022633770 883968077 1891571702 1.831564 0.000016 1.873184 3.006836 0.339988
24 32 1928949826 8055223 27999 1032796559 892070450 1876688541 1.788446 0.000016 1.850166 3.012125 0.343104
24 32 1928949831 9707473 25489 1060231084 915969895 1872007935 1.738592 0.000015 1.757838 3.009196 0.352296
24 32 1928957045 9617696 26557 1054141324 911761657 1847959103 1.767419 0.000015 1.762514 3.005933 0.350678
24 40 1949844612 41665606 40728 1175427624 1016419784 1881041267 1.605495 0.000021 1.712923 3.006839 0.390931
24 40 1949838461 41022864 38943 1182540022 1021626489 1902480841 1.588890 0.000021 1.596629 3.010162 0.392933
24 40 1949838214 38455851 39496 1155255838 998926420 1901899744 1.622161 0.000021 1.603164 3.006388 0.384202
24 64 1926852992 45709595 41653 1175374546 1017474559 1888831080 1.569760 0.000023 1.622078 3.003700 0.391336
24 64 1926854174 45731900 40535 1170894374 1012518474 1892599755 1.578213 0.000021 1.618903 3.007519 0.389430
24 64 1926846601 45505958 44537 1184955817 1024521773 1869856855 1.572151 0.000023 1.581125 3.007090 0.394047
24 80 1948135631 45219259 43504 1176170982 1016608822 1887274616 1.595381 0.000023 1.626815 3.008006 0.391003
24 80 1948137677 44102520 41450 1237023917 1070222559 1896704827 1.545689 0.000022 1.534012 3.005556 0.411624
24 80 1948129270 45738449 39583 1176365080 1017606099 1900803002 1.601152 0.000021 1.627320 3.005830 0.391387
24 128 1925793731 45676501 39715 1192156733 1030157887 1873217761 1.552678 0.000022 1.565033 3.008741 0.396215
24 128 1925801314 45680700 40922 1186570598 1026368236 1881602165 1.566621 0.000022 1.569536 3.005714 0.394757
24 128 1925802518 45852965 39270 1190913954 1029936384 1864490906 1.570294 0.000021 1.562694 3.006606 0.396129
26 6 1799936992 643531 23009 985936741 855847680 1738486733 1.807157 0.000013 1.767757 2.996206 0.329172
26 6 1799936958 647296 23027 985855252 851939095 1759732828 1.801929 0.000013 1.791541 3.008567 0.327669
26 6 1799943957 653137 25727 975913683 842574601 1763519640 1.808822 0.000015 1.800620 3.010942 0.324067
26 8 1792226064 963823 24692 979698949 845975033 1738992983 1.816547 0.000014 1.788630 3.009957 0.325375
26 8 1792219034 947779 22726 970942772 838576517 1736404359 1.828227 0.000013 1.791346 3.010479 0.322529
26 8 1792219016 922908 23568 959041687 828249588 1742802672 1.843579 0.000013 1.848796 3.010190 0.318558
26 10 1796687911 1261758 23948 983763481 848549532 1744999129 1.806564 0.000014 1.794981 3.014037 0.326365
26 10 1796694866 1265077 23391 962619491 831031458 1760785971 1.825609 0.000014 1.867238 3.010737 0.319627
26 10 1796696001 1304741 25274 989628984 852210783 1741878880 1.779572 0.000016 1.831656 3.018584 0.327773
26 12 1797200216 1471508 23774 991352378 856266967 1748738074 1.792364 0.000014 1.777507 3.009462 0.329333
26 12 1797127548 1492383 22816 980090008 846132121 1743667380 1.815775 0.000013 1.783806 3.011054 0.325435
26 12 1797127442 1487572 25118 981636664 847338198 1763250064 1.799746 0.000015 1.802733 3.011567 0.325899
26 14 1800672733 1613973 25788 1003295837 865512167 1761978961 1.767929 0.000015 1.765589 3.014729 0.332889
26 14 1800679814 1599263 25857 1004774509 867394988 1765681415 1.767523 0.000015 1.758635 3.011680 0.333613
26 14 1800680666 1602243 25484 1002193302 865062781 1760831294 1.777174 0.000015 1.759944 3.010981 0.332716
26 16 1784453060 1674811 26822 998322578 861553545 1737703766 1.765278 0.000015 1.738196 3.012440 0.331367
26 16 1784451946 1727322 24532 997799021 860350120 1741093716 1.753060 0.000015 1.763282 3.014856 0.330904
26 16 1784451951 1705260 26005 992955785 855911228 1745531153 1.760756 0.000015 1.772211 3.015375 0.329197
26 18 1786111847 1809609 24494 1001479885 864867559 1749293740 1.750652 0.000015 1.749402 3.009894 0.332641
26 18 1786111837 2091751 24658 995267640 859705830 1724762403 1.767082 0.000014 1.748869 3.010048 0.330656
26 18 1786105374 1917035 24283 1008266358 870778042 1747738453 1.746867 0.000014 1.734209 3.009811 0.334915
26 20 1803005383 2125374 25482 1017727339 879066482 1760953776 1.746012 0.000014 1.734596 3.009776 0.338102
26 20 1803005383 2222518 24695 1025407946 885075229 1754592243 1.729329 0.000014 1.715677 3.012101 0.340414
26 20 1803013483 2233037 24092 1038387236 897275962 1748183677 1.713382 0.000014 1.707322 3.008206 0.345106
26 22 1794903242 3821067 24157 1061983257 917036800 1757866214 1.675047 0.000014 1.663586 3.009933 0.352706
26 22 1794895651 3633917 25752 1037955432 896003407 1748442312 1.709130 0.000015 1.701070 3.010998 0.344617
26 22 1794895127 4086996 24237 1049674857 905462636 1747003014 1.685826 0.000014 1.670643 3.013557 0.348255
26 32 1780568981 9044976 27837 1136124322 980791496 1723005273 1.567404 0.000017 1.613524 3.011492 0.377227
26 32 1780577055 9479049 28961 1090787615 942309872 1728187692 1.600992 0.000017 1.585777 3.009192 0.362427
26 32 1780577051 8341797 27066 1078969638 931889792 1712115959 1.630466 0.000016 1.615672 3.009566 0.358419
26 40 1799850572 38125493 40479 1211011813 1046849289 1750794579 1.468388 0.000023 1.460092 3.007196 0.402634
26 40 1799851814 38859869 36893 1217853047 1051373288 1754043187 1.453968 0.000021 1.456053 3.011070 0.404374
26 40 1799858672 37670967 40562 1238855464 1070330840 1752251438 1.436591 0.000023 1.431680 3.008250 0.411666
26 64 1778634530 42268084 44253 1252453211 1079881087 1725699714 1.399838 0.000025 1.398068 3.014663 0.415339
26 64 1778627520 41899193 38572 1237116907 1068473856 1713788469 1.421992 0.000022 1.389152 3.010243 0.410951
26 64 1778635057 42172805 39363 1232357264 1064646050 1738162648 1.417994 0.000023 1.409343 3.008810 0.409479
26 80 1798281219 42289255 39474 1305713597 1127867256 1747755411 1.385082 0.000022 1.366658 3.010009 0.433795
26 80 1798273073 40740466 38992 1223132190 1056049394 1767960513 1.441825 0.000023 1.449673 3.010956 0.406173
26 80 1798274312 41272300 39390 1229239203 1062229951 1751214296 1.445097 0.000022 1.436538 3.008368 0.408550
26 128 1777664822 41107972 39522 1222235702 1055530030 1718061397 1.433399 0.000023 1.402572 3.010388 0.405973
26 128 1777663728 42304738 40398 1242952792 1073282383 1726775490 1.414388 0.000022 1.390176 3.010575 0.412801
26 128 1777656769 42459115 37616 1290222305 1113762613 1725817861 1.382618 0.000021 1.351121 3.011739 0.428370
28 6 1671372003 732399 20743 1089275334 942118376 1610983130 1.566624 0.000012 1.534770 3.006983 0.362353
28 6 1671377973 684713 21618 1020986585 883619074 1621550674 1.641100 0.000013 1.599811 3.004273 0.339853
28 6 1671377455 694000 23661 1024870983 884682850 1628366555 1.636064 0.000014 1.602916 3.011173 0.340263
28 8 1664209350 961405 15324 976313721 842972641 1621432093 1.702092 0.000009 1.689221 3.010977 0.324220
28 8 1664203276 1023026 23129 1007459796 870400460 1622503886 1.647426 0.000015 1.628749 3.008938 0.334769
28 8 1664203279 1015012 22876 1001104276 865579577 1618304327 1.661271 0.000014 1.626809 3.006680 0.332915
28 10 1668354977 1301086 24144 1026789386 886109916 1616825897 1.633521 0.000014 1.597139 3.011391 0.340812
28 10 1668354989 1289843 24776 1030785505 889644968 1622774739 1.627480 0.000016 1.608537 3.011467 0.342171
28 10 1668360464 1270398 22896 1024956397 885038694 1625303358 1.634969 0.000014 1.604366 3.010087 0.340399
28 12 1668767573 1420749 24671 1034519235 892581160 1608190803 1.626024 0.000015 1.587284 3.012083 0.343300
28 12 1668761743 1370674 22816 1032670813 892023217 1619047330 1.615242 0.000014 1.598404 3.009439 0.343086
28 12 1668762076 1429683 22427 1030107340 889381909 1628962870 1.623688 0.000014 1.596946 3.010511 0.342070
28 14 1672054789 1394824 18970 1041103059 899067210 1635425245 1.605062 0.000012 1.586274 3.010270 0.345795
28 14 1672055032 1312367 23043 1054504578 909930042 1618290839 1.586586 0.000015 1.550562 3.012343 0.349973
28 14 1672060524 1362899 23744 1050603607 907872589 1625549416 1.596953 0.000015 1.570010 3.008057 0.349182
28 16 1656998511 1478513 26485 1046900357 903371042 1611762040 1.591408 0.000016 1.560386 3.012024 0.347450
28 16 1656992225 1712582 23967 1054603074 909729237 1606975341 1.581727 0.000015 1.546417 3.012878 0.349896
28 16 1656993028 1413172 24498 1045109275 902757947 1609249419 1.593356 0.000015 1.569991 3.009313 0.347215
28 18 1658526851 1840196 23709 1069709668 922941188 1610496187 1.560783 0.000014 1.525550 3.012324 0.354977
28 18 1658532483 1778794 24597 1088203177 936997217 1603283642 1.567605 0.000015 1.556019 3.024754 0.360384
28 18 1658531867 1379187 16762 1053115380 910003913 1618996464 1.574118 0.000010 1.549135 3.008123 0.350002
28 20 1674226717 2476636 25837 1098086378 948661660 1627613748 1.525328 0.000016 1.506841 3.009056 0.364870
28 20 1674221231 1880158 25645 1088994229 940398161 1636657346 1.534646 0.000016 1.511787 3.010432 0.361692
28 20 1674221231 1974648 26380 1089412330 940923885 1629812541 1.541538 0.000016 1.511195 3.009551 0.361894
28 22 1666689245 4350126 22954 1094741958 945150217 1631352525 1.526573 0.000014 1.514504 3.010750 0.363519
28 22 1666695738 2839726 23494 1092395535 943030386 1623970467 1.537320 0.000015 1.508292 3.010798 0.362704
28 22 1666695759 4684887 26549 1107456188 954917214 1604186857 1.510307 0.000016 1.470579 3.014310 0.367276
28 32 1653387410 10325254 27748 1142682403 987429722 1624377919 1.442229 0.000018 1.439135 3.008146 0.379781
28 32 1653387438 10915558 30160 1192414421 1029692308 1600145333 1.397774 0.000019 1.358102 3.010734 0.396036
28 32 1653386394 9252492 28020 1169227463 1010050171 1607429913 1.418294 0.000017 1.385549 3.009455 0.388481
28 40 1671297218 32614328 37792 1259917262 1088071712 1621472133 1.329628 0.000022 1.304921 3.009987 0.418489
28 40 1671298246 36131789 37685 1244820069 1076948290 1630104155 1.333286 0.000022 1.323126 3.005395 0.414211
28 40 1671291744 35644678 40140 1265134318 1093276426 1623396141 1.321616 0.000023 1.294203 3.008268 0.420491
28 64 1651583941 39183602 36999 1263305477 1091776710 1608565162 1.304508 0.000022 1.281241 3.007873 0.419914
28 64 1651590110 39269458 37938 1279924236 1105686801 1606605772 1.288295 0.000022 1.264219 3.009340 0.425264
28 64 1651591122 37805055 39085 1255612411 1084154786 1613427918 1.314824 0.000024 1.310268 3.010555 0.416983
28 80 1669825915 38878680 37657 1272747110 1100106897 1625288542 1.310057 0.000022 1.289133 3.007410 0.423118
28 80 1669832412 38429785 38307 1269025737 1096142803 1625920374 1.312811 0.000023 1.291435 3.009685 0.421593
28 80 1669833426 39282699 37966 1267934510 1097036006 1624921977 1.314588 0.000022 1.284403 3.004859 0.421937
28 128 1650683202 39335435 37253 1271827860 1098466377 1601301833 1.295892 0.000023 1.274376 3.009859 0.422487
28 128 1650682182 39325349 36267 1272716568 1100709434 1607457428 1.291970 0.000021 1.265297 3.005970 0.423350
28 128 1650688666 39252404 36963 1281638370 1106386417 1603975946 1.291417 0.000022 1.266884 3.010974 0.425533
30 6 1559954115 701832 23233 1019972963 880423950 1514813593 1.542392 0.000015 1.509975 3.012187 0.338625
30 6 1559954119 692134 23685 1021257688 882780671 1513352868 1.538640 0.000016 1.519362 3.007323 0.339531
30 6 1559969896 684296 23071 1022188720 884936396 1518472384 1.530116 0.000015 1.495376 3.003127 0.340360
30 8 1553257253 1069733 21778 1036028819 894516778 1500169703 1.518361 0.000014 1.463487 3.011056 0.344045
30 8 1553257266 1083080 22298 1030545966 890223503 1500169717 1.523561 0.000014 1.476514 3.009482 0.342394
30 8 1553257244 1049602 24363 1025200726 886566041 1501233122 1.530013 0.000016 1.485972 3.006298 0.340987
30 10 1557137275 1214996 21236 1022197249 884136643 1501825567 1.528912 0.000014 1.487225 3.005809 0.340053
30 10 1557138287 1230954 25846 1058136582 914106106 1503939441 1.488001 0.000017 1.444378 3.009416 0.351579
30 10 1557138235 1220437 25820 1042973927 901738665 1508627106 1.505100 0.000017 1.461205 3.007009 0.346823
30 12 1557512174 1306375 22792 1044458323 903447125 1508296729 1.501138 0.000015 1.454604 3.005618 0.347480
30 12 1557511174 1263202 22974 1052367725 910093385 1504734938 1.490160 0.000015 1.449016 3.006102 0.350036
30 12 1557510896 1276510 15431 1040371670 900589955 1507620425 1.503492 0.000010 1.459593 3.003494 0.346381
30 14 1560591660 1185992 24669 1073342053 927774239 1507253662 1.462639 0.000016 1.417779 3.007913 0.356836
30 14 1560591647 1212192 23563 1063215096 920575964 1512577183 1.475663 0.000015 1.429485 3.002811 0.354068
30 14 1560591631 1202937 22592 1083134085 936265031 1507359529 1.458694 0.000015 1.408471 3.008539 0.360102
30 16 1546526738 1209477 22008 1067817380 923185724 1501265785 1.459559 0.000014 1.414751 3.007085 0.355071
30 16 1546526747 1431798 24578 1083610657 936103295 1494517624 1.441230 0.000016 1.402848 3.009502 0.360040
30 16 1546526762 1249246 22987 1093656510 946449296 1493669256 1.433077 0.000015 1.389666 3.005019 0.364019
30 18 1547959275 1634977 23481 1079711733 934688859 1502325666 1.442269 0.000015 1.400879 3.003247 0.359496
30 18 1547965312 1478148 24126 1078768277 931830566 1495988703 1.453479 0.000016 1.410221 3.009539 0.358396
30 18 1547965545 1736711 24519 1081105943 941664778 1497144991 1.446379 0.000016 1.406419 2.984699 0.362179
30 20 1562606607 1987189 24912 1099936352 951069895 1519412353 1.426391 0.000017 1.394822 3.006565 0.365796
30 20 1562606354 2272711 23096 1069786927 925182987 1522591928 1.474778 0.000015 1.464050 3.005952 0.355840
30 20 1562606380 2315748 22409 1095700306 947565420 1513354641 1.430448 0.000015 1.390595 3.006353 0.364448
30 22 1555644342 4807920 23649 1126939365 973611169 1502477485 1.393781 0.000015 1.358125 3.009277 0.374466
30 22 1555584718 4031981 24467 1100642371 952583907 1509241093 1.418866 0.000016 1.392741 3.003912 0.366378
30 22 1555584692 3850751 24468 1102985760 954246917 1509774306 1.416818 0.000016 1.380403 3.005178 0.367018
30 32 1543161491 10749192 29101 1181538872 1022544962 1497645302 1.315700 0.000019 1.278843 3.004112 0.393287
30 32 1543161206 10246532 22172 1165746294 1008671878 1500899831 1.327409 0.000015 1.294766 3.004819 0.387951
30 32 1543171123 8294111 29506 1147763887 991928014 1496182699 1.354425 0.000019 1.322052 3.008185 0.381511
30 40 1559879437 33575451 37108 1269840048 1099570582 1512422807 1.231778 0.000023 1.199561 3.002571 0.422912
30 40 1559878493 32259879 40743 1285217955 1111787959 1516749442 1.220877 0.000026 1.192953 3.005202 0.427611
30 40 1559872211 30854568 36416 1289774235 1116345204 1511877511 1.217661 0.000023 1.181097 3.003930 0.429364
30 64 1541480106 35569806 37572 1314871398 1136900257 1490505713 1.179645 0.000024 1.140746 3.007070 0.437269
30 64 1541485918 35829273 38455 1307994248 1131486056 1495958275 1.184508 0.000025 1.153001 3.005625 0.435187
30 64 1541485184 36696305 36704 1299485773 1125376243 1495724282 1.190306 0.000023 1.158136 3.002239 0.432837
30 80 1558504749 35520934 29279 1282388088 1109917802 1511316518 1.223529 0.000018 1.191360 3.003857 0.426891
30 80 1558506013 35624666 39406 1278867410 1107091340 1511862963 1.220866 0.000025 1.188094 3.003386 0.425804
30 80 1558506239 35792905 38062 1283847311 1111292662 1512438972 1.215603 0.000024 1.184208 3.003616 0.427420
30 128 1540643851 34768966 35814 1290950325 1116919448 1497160908 1.198547 0.000023 1.167946 3.004869 0.429584
30 128 1540643622 36743168 39861 1291770328 1118660765 1492897777 1.197058 0.000026 1.160006 3.002313 0.430254
30 128 1540638507 35793602 39205 1290833883 1115573742 1491859154 1.202674 0.000026 1.166443 3.008007 0.429067
32 6 1462461040 711538 20768 1055325011 914581719 1416761584 1.385822 0.000014 1.342742 3.000109 0.351762
32 6 1462452311 706904 21418 1047119347 907237633 1421689860 1.396568 0.000015 1.361746 3.000845 0.348938
32 6 1462456712 639293 17199 967647019 835156793 1429764100 1.534372 0.000012 1.542513 3.012737 0.321214
32 8 1456185319 1103529 19960 1050387006 910304065 1410678835 1.386353 0.000014 1.343194 3.000103 0.350117
32 8 1456185248 1098800 21667 1040936029 901972139 1410681782 1.401142 0.000015 1.359285 3.000549 0.346912
32 8 1456179512 1097480 21958 1041702213 902531823 1411500208 1.399402 0.000015 1.358305 3.000936 0.347128
32 10 1459820701 1252618 21807 1069239557 926392406 1414203739 1.367335 0.000015 1.326060 3.000885 0.356305
32 10 1459874553 1218819 22446 1079865045 935782772 1414257591 1.351941 0.000015 1.309758 3.000318 0.359916
32 10 1459813319 1260479 23259 1066889902 924342391 1414196357 1.369032 0.000016 1.328621 3.000940 0.355516
32 12 1460168750 1221063 23720 1077234703 933441030 1414540651 1.357299 0.000016 1.316432 3.000500 0.359016
32 12 1460173403 1241643 21544 1087605661 942559618 1414545307 1.342561 0.000015 1.300670 3.000102 0.362523
32 12 1460173055 1213333 16033 1034479982 895219983 1414542302 1.420070 0.000011 1.382092 3.004281 0.344315
32 14 1463054641 951706 20357 1108972509 961013529 1417333487 1.319306 0.000014 1.278009 3.000299 0.369621
32 14 1463057390 956065 21038 1112303689 963708697 1417339250 1.315433 0.000014 1.274849 3.000882 0.370657
32 14 1463058399 1048049 21577 1055028424 913400303 1423020818 1.390832 0.000015 1.362002 3.002961 0.351308
32 16 1449904959 990229 22381 1096877832 950508558 1404598674 1.322541 0.000015 1.280157 3.000409 0.365580
32 16 1449872904 1023660 22067 1100372097 953233287 1405294029 1.319375 0.000015 1.279637 3.001295 0.366628
32 16 1449875510 926598 21905 1109077275 961024611 1404569225 1.307342 0.000015 1.266466 3.000539 0.369625
32 18 1451217507 1008943 20807 1105136635 957590444 1401630829 1.314730 0.000014 1.264791 3.000601 0.368304
32 18 1451221135 1019265 21435 1097449240 950313312 1405872909 1.324026 0.000015 1.286097 3.002471 0.365505
32 18 1451280024 949069 21541 1098759982 952135606 1405931797 1.321102 0.000015 1.280510 3.000391 0.366206
32 20 1464945329 1312181 23542 1066221741 921869369 1419167960 1.388750 0.000016 1.360677 3.006859 0.354565
32 20 1464944312 1205341 22411 1135139075 983347465 1414425574 1.293116 0.000015 1.250131 3.001338 0.378211
32 20 1464950028 1558150 22676 1143020378 990203782 1419169642 1.283743 0.000015 1.245513 3.001213 0.380848
32 22 1458360417 3790157 23144 1138289556 985905016 1412788972 1.282952 0.000016 1.246305 3.001821 0.379194
32 22 1458369890 5691048 23421 1144616637 991093021 1412828792 1.275596 0.000016 1.235975 3.002668 0.381190
32 22 1458364375 3257976 23166 1137303081 985349134 1412792929 1.282774 0.000016 1.242751 3.000939 0.378980
32 32 1446715857 11513982 29525 1226714209 1063029888 1401508164 1.179510 0.000020 1.143114 3.000340 0.408858
32 32 1446714265 7842680 22209 1230363057 1066119456 1401506585 1.175877 0.000015 1.139059 3.000547 0.410046
32 32 1446720691 8999459 27312 1216018280 1053538386 1401512579 1.190973 0.000019 1.155506 3.000955 0.405207
32 40 1462386751 29831160 35610 1321869263 1145208919 1412815775 1.107251 0.000024 1.066835 3.001048 0.440465
32 40 1462396421 32275285 35534 1301933636 1127548390 1416695323 1.125047 0.000024 1.085424 3.002162 0.433672
32 40 1462415837 29233557 33834 1320916555 1144200361 1416718570 1.108281 0.000023 1.074315 3.001515 0.440077
32 64 1445137304 32798554 35867 1339712590 1159987153 1399978906 1.079872 0.000025 1.047604 3.002827 0.446149
32 64 1445142970 33784651 34771 1347090575 1167113298 1399981552 1.073734 0.000024 1.040831 3.000914 0.448890
32 64 1445152761 34364164 34540 1352725728 1172167268 1398150427 1.068487 0.000024 1.033864 3.000493 0.450834
32 80 1461100396 32542558 34189 1328906997 1151445408 1415443184 1.099962 0.000023 1.063318 3.000701 0.442864
32 80 1461099323 31771078 34437 1331865335 1154011933 1411799470 1.097978 0.000024 1.061581 3.000690 0.443851
32 80 1461099338 34258654 36667 1258344400 1089169749 1412495101 1.167477 0.000025 1.133329 3.003766 0.418911
32 128 1444363754 33755383 34123 1327181377 1149926342 1399230006 1.089079 0.000024 1.055837 3.000750 0.442279
32 128 1444389048 34488154 35039 1333896541 1155920120 1399255299 1.083019 0.000024 1.047204 3.000323 0.444585
32 128 1444348774 34093038 34554 1333043310 1155076119 1399215026 1.083642 0.000024 1.049973 3.000581 0.444260
