128 1060700270 91968 23878 597712293 678309034 432 1.774600 0.000023 0.000001 2.291068 0.260888
128 1060700191 87539 17661 596068281 469662414 432 1.779494 0.000017 0.000001 3.299769 0.180639
128 1060700190 80869 19660 595437577 469164150 432 1.781379 0.000019 0.000001 3.299778 0.180448
256 7444837497 646733 93654 4196281843 3306435210 432 1.774151 0.000013 0.000000 3.299727 1.271706
256 7444837506 638055 70035 4214327045 3320505500 432 1.766554 0.000009 0.000000 3.299874 1.277117
256 7444837496 649001 69373 4169363138 3285153222 432 1.785605 0.000009 0.000000 3.299799 1.263520
512 52193402559 4469729 760130 29878113446 23541524136 432 1.746877 0.000015 0.000000 3.299833 9.054432
512 52193402447 4466649 754465 29594921607 23318880650 432 1.763593 0.000014 0.000000 3.299764 8.968800
512 52193402326 4492241 748648 29315329550 23098704174 432 1.780413 0.000014 0.000000 3.299746 8.884117
1024 365672005998 24875386 4702872 206852785616 162986964218 432 1.767789 0.000013 0.000000 3.299756 62.687294
1024 365672004901 24722210 4760294 205196688821 161678009376 432 1.782056 0.000013 0.000000 3.299839 62.183850
1024 365671993966 24936857 4854736 206230986878 162496381970 432 1.773119 0.000013 0.000000 3.299769 62.498608
2048 2560978436696 123526613 30877900 1445695612815 1139106821138 432 1.771451 0.000012 0.000000 3.299786 438.118008
2048 2560978438811 123080841 30749882 1446868962780 1140016583186 432 1.770014 0.000012 0.000000 3.299829 438.467917
2048 2560978336503 126003305 32316943 1443727689152 1137546150520 432 1.773865 0.000013 0.000000 3.299815 437.517750
4096 17931953155259 656836204 211733577 10215285401410 8048780719824 432 1.755404 0.000012 0.000000 3.299847 3095.684892
4096 17931953105452 663177365 211714400 10049123230946 7917871570960 432 1.784430 0.000012 0.000000 3.299841 3045.335220
4096 17931953116188 654736178 211909751 10087385735055 7948015792834 432 1.777661 0.000012 0.000000 3.299843 3056.929151
