128 176970802 63741 12444 118063208 189980856 432 1.498950 0.000070 0.000004 1.615765 0.073070
128 176970784 62124 5408 9223372036854775808 144795508 432 1.508427 0.000031 0.000004 2.106666 0.055691
128 176970771 62727 5374 9223372036854775808 105457560 432 1.488001 0.000030 0.000004 2.932202 0.040561
256 1245575200 447645 83064 9223372036854775808 650916032 432 1.507879 0.000067 0.000001 3.299527 0.250352
256 1245575203 451348 45346 9223372036854775808 652507674 432 1.504029 0.000036 0.000001 3.299905 0.250964
256 1245575203 449255 42264 9223372036854775808 663969488 432 1.478089 0.000034 0.000001 3.299853 0.255373
512 8745973393 2734938 497127 5852583408 4612042240 432 1.494378 0.000057 0.000000 3.299345 1.773862
512 8745972263 2684175 480657 9223372036854775808 4592007550 432 1.500705 0.000055 0.000000 3.299768 1.766157
512 8745972276 2713185 486082 9223372036854775808 4601340900 432 1.497853 0.000056 0.000000 3.299346 1.769746
1024 61329422575 12904253 2971532 9223372036854775808 32176492946 432 1.501808 0.000048 0.000000 3.299812 12.375574
1024 61329423483 13024255 2888288 40891510700 32220321042 432 1.499808 0.000047 0.000000 3.299717 12.392431
1024 61329424160 12995119 2850444 9223372036854775808 32356755158 432 1.493462 0.000046 0.000000 3.299766 12.444906
2048 429736685068 64694769 18305980 287773494263 226741293870 432 1.493316 0.000043 0.000000 3.299845 87.208190
2048 429736684041 64407107 18222714 285869175807 225243613894 432 1.503263 0.000042 0.000000 3.299804 86.632159
2048 429736684326 64622120 18411632 9223372036854775808 225034877002 432 1.504642 0.000043 0.000000 3.299839 86.551876
4096 3009881306799 362681594 104223181 2013414893236 1586395507944 432 1.494914 0.000035 0.000000 3.299857 610.152118
4096 3009881308438 365098113 105247261 9223372036854775808 1578305751724 432 1.502580 0.000035 0.000000 3.299848 607.040674
4096 3009881342985 363707031 105121708 9223372036854775808 1590851043600 432 1.490741 0.000035 0.000000 3.299826 611.865786
