128 25576676 48364 10413 20482642 38082058 2635249153408920576 1.248709 0.000404 129833124457.681259 1.398441 0.014647
128 25575513 47349 10374 20359994 35338449 2635249153409022976 1.256154 0.000394 130823680024.947281 1.497998 0.013592
128 25576665 42386 3507 20343715 34262042 2635249153409037824 1.257214 0.000137 126859276847.712906 1.543787 0.013178
256 179862346 125950 28603 134363097 147874877 2635249153541383680 1.338737 0.000158 19759089171.117512 2.362424 0.056875
256 179862344 116033 14433 134332182 116432888 2635249153541378560 1.338993 0.000080 19381158427.443401 2.999677 0.044782
256 179862350 114752 12985 134380786 116498827 2635249153541386240 1.338511 0.000072 19357688396.214916 2.999062 0.044807
512 1262748980 599685 140709 937854015 812587062 2635249154469987840 1.346448 0.000111 2822893605.245899 3.000799 0.312533
512 1262747256 594327 135902 937159587 811951645 2635249154469979136 1.347467 0.000107 2824640476.439347 3.000910 0.312289
512 1262747844 597612 136705 938255542 812882040 2635249154469987840 1.345893 0.000108 2820436139.953273 3.000982 0.312647
1024 8854168727 3276879 967722 6558532654 5683170914 2635249160978566144 1.350038 0.000109 402881437.479162 3.000463 2.185835
1024 8854168559 3309355 969126 6567305366 5690619480 2635249160978574336 1.348227 0.000109 402226289.183447 3.000547 2.188700
1024 8854168727 3377341 986761 6599108355 5718278231 2635249160978574336 1.341741 0.000111 400278636.513297 3.000491 2.199338
2048 62039330758 15469841 5814741 45757553434 39651980732 2635249206572469760 1.355829 0.000094 57659850.232331 3.000344 15.250762
2048 62039333970 15591229 5960664 45763099235 39659863649 2635249206571688448 1.355666 0.000096 57658547.880792 3.000111 15.253794
2048 62039350973 15504521 5821652 45701203111 39603494349 2635249206565796352 1.357502 0.000094 57764801.479289 3.000318 15.232113
4096 435811033381 121242239 33403607 321176859671 278333155207 2635249526974000640 1.356920 0.000077 8212190.701748 3.000216 107.051214
4096 435811034263 120992272 33440010 322218412026 279231071607 2635249526974673920 1.352535 0.000077 8184649.233235 3.000266 107.396566
4096 435811009947 122920128 33529463 320826559495 278026293988 2635249526981829120 1.358403 0.000077 8221016.867673 3.000251 106.933190
